0.0025 0.0 0.0
0.0075 0.0 0.0
0.0125 0.0 0.0
0.0175 0.0 0.0
0.0225 0.0 0.0
0.0275 0.0 0.0
0.0325 0.0 0.0
0.0375 0.0 0.0
0.0425 0.0 0.0
0.0475 0.0 0.0
0.0525 0.0 0.0
0.0575 0.0 0.0
0.0625 0.0 0.0
0.0675 0.0 0.0
0.0725 0.0 0.0
0.0775 0.0 0.0
0.0825 0.0 0.0
0.08750000000000001 0.0 0.0
0.0925 0.0 0.0
0.0975 0.0 0.0
0.10250000000000001 0.0 0.0
0.1075 0.0 0.0
0.1125 0.0 0.0
0.11750000000000001 0.0 0.0
0.1225 0.0 0.0
0.1275 0.0 0.0
0.1325 0.0 0.0
0.1375 0.0 0.0
0.14250000000000002 0.0 0.0
0.1475 0.0 0.0
0.1525 0.0 0.0
0.1575 0.0 0.0
0.1625 0.0 0.0
0.1675 0.0 0.0
0.17250000000000001 0.0 0.0
0.1775 0.0 0.0
0.1825 0.0 0.0
0.1875 0.0 0.0
0.1925 0.0 0.0
0.1975 0.0 0.0
0.2025 0.0 0.0
0.20750000000000002 0.0 0.0
0.2125 0.0 0.0
0.2175 0.0 0.0
0.2225 0.0 0.0
0.2275 0.0 0.0
0.2325 0.0 0.0
0.23750000000000002 0.0 0.0
0.2425 0.0 0.0
0.2475 0.0 0.0
0.2525 0.0 0.0
0.2575 0.0 0.0
0.2625 0.0 0.0
0.2675 0.0 0.0
0.2725 0.0 0.0
0.2775 0.0 0.0
0.28250000000000003 0.0 0.0
0.28750000000000003 0.0 0.0
0.2925 0.0 0.0
0.2975 0.0 0.0
0.3025 0.0 0.0
0.3075 0.0 0.0
0.3125 0.0 0.0
0.3175 0.0 0.0
0.3225 0.0 0.0
0.3275 0.0 0.0
0.3325 0.0 0.0
0.3375 0.0 0.0
0.3425 0.0 0.0
0.34750000000000003 0.0 0.0
0.3525 0.0 0.0
0.3575 0.0 0.0
0.3625 0.0 0.0
0.3675 0.0 0.0
0.3725 0.0 0.0
0.3775 0.0 0.0
0.3825 0.0 0.0
0.3875 0.0 0.0
0.3925 0.0 0.0
0.3975 0.0 0.0
0.4025 0.0 0.0
0.40750000000000003 0.0 0.0
0.41250000000000003 0.0 0.0
0.4175 0.0 0.0
0.4225 0.0 0.0
0.4275 0.0 0.0
0.4325 0.0 0.0
0.4375 0.0 0.0
0.4425 0.0 0.0
0.4475 0.0 0.0
0.4525 0.0 0.0
0.4575 0.0 0.0
0.4625 0.0 0.0
0.4675 0.0 0.0
0.47250000000000003 0.0 0.0
0.47750000000000004 0.0 0.0
0.4825 0.0 0.0
0.4875 0.0 0.0
0.4925 0.0 0.0
0.4975 0.0 0.0
0.5025000000000001 0.0 0.0
0.5075000000000001 0.0 0.0
0.5125 0.0 0.0
0.5175 0.0 0.0
0.5225 0.0 0.0
0.5275 0.0 0.0
0.5325 0.0 0.0
0.5375 0.0 0.0
0.5425 0.0 0.0
0.5475 0.0 0.0
0.5525 0.0 0.0
0.5575 0.0 0.0
0.5625 0.0 0.0
0.5675 0.0 0.0
0.5725 0.0 0.0
0.5775 0.0 0.0
0.5825 0.0 0.0
0.5875 0.0 0.0
0.5925 0.0 0.0
0.5975 0.0 0.0
0.6025 0.0 0.0
0.6075 0.0 0.0
0.6125 0.0 0.0
0.6175 0.0 0.0
0.6225 0.0 0.0
0.6275000000000001 0.0 0.0
0.6325000000000001 0.0 0.0
0.6375000000000001 0.0 0.0
0.6425 0.0 0.0
0.6475 0.0 0.0
0.6525 0.0 0.0
0.6575 0.0 0.0
0.6625 0.0 0.0
0.6675 0.0 0.0
0.6725 0.0 0.0
0.6775 0.0 0.0
0.6825 0.0 0.0
0.6875 0.0 0.0
0.6925 0.0 0.0
0.6975 0.0 0.0
0.7025 0.0 0.0
0.7075 0.0 0.0
0.7125 0.0 0.0
0.7175 0.0 0.0
0.7225 0.0 0.0
0.7275 0.0 0.0
0.7325 0.0 0.0
0.7375 0.0 0.0
0.7425 0.0 0.0
0.7475 0.0 0.0
0.7525000000000001 0.0 0.0
0.7575000000000001 0.0 0.0
0.7625000000000001 0.0 0.0
0.7675000000000001 0.0 0.0
0.7725 0.0 0.0
0.7775 0.0 0.0
0.7825 0.0 0.0
0.7875 0.0 0.0
0.7925 0.0 0.0
0.7975 0.0 0.0
0.8025 0.0 0.0
0.8075 0.0 0.0
0.8125 0.0 0.0
0.8175 0.0 0.0
0.8225 0.0 0.0
0.8275 0.0 0.0
0.8325 0.0 0.0
0.8375 0.0 0.0
0.8425 0.0 0.0
0.8475 0.0 0.0
0.8525 0.0 0.0
0.8575 0.0 0.0
0.8625 0.0 0.0
0.8675 0.0 0.0
0.8725 0.0 0.0
0.8775000000000001 0.0 0.0
0.8825000000000001 0.0 0.0
0.8875000000000001 0.0 0.0
0.8925000000000001 0.0 0.0
0.8975 0.0 0.0
0.9025 0.0 0.0
0.9075 0.0 0.0
0.9125 0.0 0.0
0.9175 0.0 0.0
0.9225 0.0 0.0
0.9275 0.0 0.0
0.9325 0.0 0.0
0.9375 0.0 0.0
0.9425 0.0 0.0
0.9475 0.0 0.0
0.9525 0.0 0.0
0.9575 0.0 0.0
0.9625 0.0 0.0
0.9675 0.0 0.0
0.9725 0.0 0.0
0.9775 0.0 0.0
0.9825 0.0 0.0
0.9875 0.0 0.0
0.9925 0.0 0.0
0.9975 0.0 0.0
1.0025 0.0 0.0
1.0075 0.0 0.0
1.0125 0.0 0.0
1.0175 0.0 0.0
1.0225 0.0 0.0
1.0275 0.0 0.0
1.0325 0.0 0.0
1.0375 0.0 0.0
1.0425 0.0 0.0
1.0475 0.0 0.0
1.0525 0.0 0.0
1.0575 0.0 0.0
1.0625 0.0 0.0
1.0675000000000001 0.0 0.0
1.0725 0.0 0.0
1.0775000000000001 0.0 0.0
1.0825 0.0 0.0
1.0875000000000001 0.0 0.0
1.0925 0.0 0.0
1.0975 0.0 0.0
1.1025 0.0 0.0
1.1075 0.0 0.0
1.1125 0.0 0.0
1.1175 0.0 0.0
1.1225 0.0 0.0
1.1275 0.0 0.0
1.1325 0.0 0.0
1.1375 0.0 0.0
1.1425 0.0 0.0
1.1475 0.0 0.0
1.1525 0.0 0.0
1.1575 0.0 0.0
1.1625 0.0 0.0
1.1675 0.0 0.0
1.1725 0.0 0.0
1.1775 0.0 0.0
1.1825 0.0 0.0
1.1875 0.0 0.0
1.1925000000000001 0.0 0.0
1.1975 0.0 0.0
1.2025000000000001 0.0 0.0
1.2075 0.0 0.0
1.2125000000000001 0.0 0.0
1.2175 0.0 0.0
1.2225 0.0 0.0
1.2275 0.0 0.0
1.2325 0.0 0.0
1.2375 0.0 0.0
1.2425 0.0 0.0
1.2475 0.0 0.0
1.2525 0.0 0.0
1.2575 0.0 0.0
1.2625 0.0 0.0
1.2675 0.0 0.0
1.2725 0.0 0.0
1.2775 0.0 0.0
1.2825 0.0 0.0
1.2875 0.0 0.0
1.2925 0.0 0.0
1.2975 0.0 0.0
1.3025 0.0 0.0
1.3075 0.0 0.0
1.3125 0.0 0.0
1.3175000000000001 0.0 0.0
1.3225 0.0 0.0
1.3275000000000001 0.0 0.0
1.3325 0.0 0.0
1.3375000000000001 0.0 0.0
1.3425 0.0 0.0
1.3475 0.0 0.0
1.3525 0.0 0.0
1.3575 0.0 0.0
1.3625 0.0 0.0
1.3675 0.0 0.0
1.3725 0.0 0.0
1.3775 0.0 0.0
1.3825 0.0 0.0
1.3875 0.0 0.0
1.3925 0.0 0.0
1.3975 0.0 0.0
1.4025 0.0 0.0
1.4075 0.0 0.0
1.4125 0.0 0.0
1.4175 0.0 0.0
1.4225 0.0 0.0
1.4275 0.0 0.0
1.4325 0.0 0.0
1.4375 0.0 0.0
1.4425000000000001 0.0 0.0
1.4475 0.0 0.0
1.4525000000000001 0.0 0.0
1.4575 0.0 0.0
1.4625000000000001 0.0 0.0
1.4675 0.0 0.0
1.4725 0.0 0.0
1.4775 0.0 0.0
1.4825 0.0 0.0
1.4875 0.0 0.0
1.4925 0.0 0.0
1.4975 0.0 0.0
1.5025 0.0 0.0
1.5075 0.0 0.0
1.5125 0.0 0.0
1.5175 0.0 0.0
1.5225 0.0 0.0
1.5275 0.0 0.0
1.5325 0.0 0.0
1.5375 0.0 0.0
1.5425 0.0 0.0
1.5475 0.0 0.0
1.5525 0.0 0.0
1.5575 0.0 0.0
1.5625 0.0 0.0
1.5675000000000001 0.0 0.0
1.5725 0.0 0.0
1.5775000000000001 0.0 0.0
1.5825 0.0 0.0
1.5875000000000001 0.0 0.0
1.5925 0.0 0.0
1.5975000000000001 0.0 0.0
1.6025 0.0 0.0
1.6075 0.0 0.0
1.6125 0.0 0.0
1.6175 0.0 0.0
1.6225 0.0 0.0
1.6275 0.0 0.0
1.6325 0.0 0.0
1.6375 0.0 0.0
1.6425 0.0 0.0
1.6475 0.0 0.0
1.6525 0.0 0.0
1.6575 0.0 0.0
1.6625 0.0 0.0
1.6675 0.0 0.0
1.6725 0.0 0.0
1.6775 0.0 0.0
1.6825 0.0 0.0
1.6875 0.0 0.0
1.6925000000000001 0.0 0.0
1.6975 0.0 0.0
1.7025000000000001 0.0 0.0
1.7075 0.0 0.0
1.7125000000000001 0.0 0.0
1.7175 0.0 0.0
1.7225000000000001 0.0 0.0
1.7275 0.0 0.0
1.7325 0.0 0.0
1.7375 0.0 0.0
1.7425 0.0 0.0
1.7475 0.0 0.0
1.7525 0.0 0.0
1.7575 0.0 0.0
1.7625 0.0 0.0
1.7675 0.0 0.0
1.7725 0.0 0.0
1.7775 0.0 0.0
1.7825 0.0 0.0
1.7875 0.0 0.0
1.7925 0.0 0.0
1.7975 0.0 0.0
1.8025 0.0 0.0
1.8075 0.0 0.0
1.8125 0.0 0.0
1.8175000000000001 0.0 0.0
1.8225 0.0 0.0
1.8275000000000001 0.0 0.0
1.8325 0.0 0.0
1.8375000000000001 0.0 0.0
1.8425 0.0 0.0
1.8475000000000001 0.0 0.0
1.8525 0.0 0.0
1.8575 0.0 0.0
1.8625 0.0 0.0
1.8675 0.0 0.0
1.8725 0.0 0.0
1.8775 0.0 0.0
1.8825 0.0 0.0
1.8875 0.0 0.0
1.8925 0.0 0.0
1.8975 0.0 0.0
1.9025 0.0 0.0
1.9075 0.0 0.0
1.9125 0.0 0.0
1.9175 0.0 0.0
1.9225 0.0 0.0
1.9275 0.0 0.0
1.9325 0.0 0.0
1.9375 0.0 0.0
1.9425000000000001 0.0 0.0
1.9475 0.0 0.0
1.9525000000000001 0.0 0.0
1.9575 0.0 0.0
1.9625000000000001 0.0 0.0
1.9675 0.0 0.0
1.9725000000000001 0.0 0.0
1.9775 0.0 0.0
1.9825000000000002 0.0 0.0
1.9875 0.0 0.0
1.9925 0.0 0.0
1.9975 0.0 0.0
2.0025 0.0 0.0
2.0075 0.0 0.0
2.0125 0.0 0.0
2.0175 0.0 0.0
2.0225 0.0 0.0
2.0275 0.0 0.0
2.0325 0.0 0.0
2.0375 0.0 0.0
2.0425 0.0 0.0
2.0475 0.0 0.0
2.0525 0.0 0.0
2.0575 0.0 0.0
2.0625 0.0 0.0
2.0675 0.0 0.0
2.0725000000000002 0.0 0.0
2.0775 0.0 0.0
2.0825 0.0 0.0
2.0875 0.0 0.0
2.0925000000000002 0.0 0.0
2.0975 0.0 0.0
2.1025 0.0 0.0
2.1075 0.0 0.0
2.1125 0.0 0.0
2.1175 0.0 0.0
2.1225 0.0 0.0
2.1275 0.0 0.0
2.1325 0.0 0.0
2.1375 0.004812652584233097 4.487524681385748e-5
2.1425 0.0 4.487524681385748e-5
2.1475 0.0 4.487524681385748e-5
2.1525 0.0 4.487524681385748e-5
2.1575 0.0 4.487524681385748e-5
2.1625 0.0 4.487524681385748e-5
2.1675 0.0 4.487524681385748e-5
2.1725 0.004658833555575594 8.975049362771496e-5
2.1775 0.0 8.975049362771496e-5
2.1825 0.004616238748112589 0.00013462574044157243
2.1875 0.0 0.00013462574044157243
2.1925 0.0 0.00013462574044157243
2.1975000000000002 0.0 0.00013462574044157243
2.2025 0.0 0.00013462574044157243
2.2075 0.0 0.00013462574044157243
2.2125 0.0 0.00013462574044157243
2.2175000000000002 0.0 0.00013462574044157243
2.2225 0.0 0.00013462574044157243
2.2275 0.0 0.00013462574044157243
2.2325 0.0 0.00013462574044157243
2.2375000000000003 0.0 0.00013462574044157243
2.2425 0.0043725206927831654 0.0001795009872554299
2.2475 0.0 0.0001795009872554299
2.2525 0.0 0.0001795009872554299
2.2575 0.0 0.0001795009872554299
2.2625 0.0 0.0001795009872554299
2.2675 0.0 0.0001795009872554299
2.2725 0.0 0.0001795009872554299
2.2775 0.0 0.0001795009872554299
2.2825 0.0 0.0001795009872554299
2.2875 0.0 0.0001795009872554299
2.2925 0.0 0.0001795009872554299
2.2975 0.0 0.0001795009872554299
2.3025 0.0 0.0001795009872554299
2.3075 0.0 0.0001795009872554299
2.3125 0.0 0.0001795009872554299
2.3175 0.0 0.0001795009872554299
2.3225000000000002 0.0 0.0001795009872554299
2.3275 0.0 0.0001795009872554299
2.3325 0.0 0.0001795009872554299
2.3375 0.0 0.0001795009872554299
2.3425000000000002 0.0 0.0001795009872554299
2.3475 0.0 0.0001795009872554299
2.3525 0.0 0.0001795009872554299
2.3575 0.0 0.0001795009872554299
2.3625000000000003 0.0 0.0001795009872554299
2.3675 0.0 0.0001795009872554299
2.3725 0.0 0.0001795009872554299
2.3775 0.0 0.0001795009872554299
2.3825 0.0 0.0001795009872554299
2.3875 0.0 0.0001795009872554299
2.3925 0.0 0.0001795009872554299
2.3975 0.0 0.0001795009872554299
2.4025 0.0 0.0001795009872554299
2.4075 0.0 0.0001795009872554299
2.4125 0.0 0.0001795009872554299
2.4175 0.0 0.0001795009872554299
2.4225 0.0 0.0001795009872554299
2.4275 0.003731456009855178 0.0002243762340692874
2.4325 0.003716131776776659 0.00026925148088314486
2.4375 0.003700901749872583 0.00031412672769700234
2.4425 0.0 0.00031412672769700234
2.4475000000000002 0.011012163720143858 0.0004487524681385748
2.4525 0.003655769239419207 0.0004936277149524323
2.4575 0.0036409084093582938 0.0005385029617662897
2.4625 0.007252276020291841 0.0006282534553940047
2.4675000000000002 0.010834371928651367 0.0007628791958355772
2.4725 0.003596865582736026 0.0008077544426494345
2.4775 0.017911810560869545 0.001032130676718722
2.4825 0.04995124662575153 0.0016603841321127266
2.4875000000000003 0.039089788162664826 0.0021540118470651593
2.4925 0.060169360897997785 0.002916891042900736
2.4975 0.03877738361973233 0.0034105187578531686
2.5025 0.0912897437426264 0.0045772751750134625
2.5075 0.09092604006633304 0.005744031592173757
2.5125 0.08359800516279609 0.006821037515706336
2.5175 0.14224654028390382 0.008660922635074493
2.5225 0.13822750086528376 0.010455932507628793
2.5275 0.16865940607904814 0.01265481960150781
2.5325 0.20913549213059898 0.015392209657153115
2.5375 0.2253868894708115 0.018353975946867707
2.5425 0.2653196992421022 0.021854245198348592
2.5475 0.31510216024036725 0.026027643152037334
2.5525 0.320618753761317 0.030290791599353797
2.5575 0.3395368439300963 0.0348231915275534
2.5625 0.37169956227623324 0.03980434392389158
2.5675 0.4703217115776699 0.04613175372464548
2.5725000000000002 0.551561750480734 0.05358104469574583
2.5775 0.5361847863919793 0.06085083467959074
2.5825 0.6692867058929097 0.0699605097828038
2.5875 0.6798395874119192 0.0792496858732723
2.5925000000000002 0.7426516482064733 0.08943636690001794
2.5975 0.8408246132345649 0.10101418057799318
2.6025 0.9187593722834847 0.11371387542631484
2.6075 0.9766863822452199 0.1272661999640998
2.6125000000000003 1.030941932123106 0.1416262789445342
2.6175 0.9788660888492077 0.15531322922276072
2.6225 1.2053333739190186 0.17223119727158498
2.6275 1.2612656330949377 0.19000179500987258
2.6325 1.4119524700594035 0.20997127984203914
2.6375 1.3497078231390884 0.22913301023155627
2.6425 1.5839257539786094 0.25170525937892657
2.6475 1.5497150085235 0.27387363130497216
2.6525 1.5907569354994657 0.29671513193322563
2.6575 1.706203548176864 0.3213067671872195
2.6625 1.8735036126880626 0.3484114162627894
2.6675 1.8726671731560154 0.37560581583198704
2.6725 1.8964531332155359 0.40324896786932324
2.6775 2.0059292901819976 0.43259737928558606
2.6825 2.025960147706708 0.46234966792317356
2.6875 2.0214730932217213 0.49214683180757496
2.6925 2.180792266618384 0.5244121342667385
2.6975000000000002 2.2966114092905388 0.5585173218452701
2.7025 2.2911318592267955 0.5926673846706156
2.7075 2.258680897928163 0.6264584455214504
2.7125 2.29817808989622 0.6609675103213067
2.7175000000000002 2.447538580438704 0.6978549632022977
2.7225 2.376257901292655 0.7338000359001974
2.7275 2.429624365105185 0.7706874887811883
2.7325 2.556208175680938 0.8096392030156165
2.7375000000000003 2.4705899580565256 0.8474241608328846
2.7425 2.610688300236398 0.8874977562376593
2.7475 2.4235096928683313 0.9248339615867888
2.7525 2.530804902136939 0.9639651768084725
2.7575 2.5968217037022203 1.0042631484473166
2.7625 2.529803451417184 1.0436636151498835
2.7675 2.626894756459386 1.084724465984563
2.7725 2.677500608344641 1.1267276970023334
2.7775 2.5823606894937865 1.1673846706156885
2.7825 2.6469296955633395 1.2092084006462036
2.7875 2.6600814939663637 1.2513911326512295
2.7925 2.5885297362367736 1.2925866092263507
2.7975 2.6776237496327027 1.3353527194399568
2.8025 2.5112967933308807 1.375605815831987
2.8075 2.4521452255180463 1.4150511577813678
2.8125 2.490690646579578 1.455259378926584
2.8175 2.7145326463455026 1.4992371208041644
2.8225000000000002 2.613839526162661 1.5417339795368876
2.8275 2.530343279219986 1.5830192066056363
2.8325 2.557046646784334 1.6248878118829653
2.8375 2.5644290991565435 1.6670256686411775
2.8425000000000002 2.4275084619134484 1.7070543887991383
2.8475 2.3078040957921164 1.7452432238377311
2.8525 2.3699824650493104 1.7845988152934842
2.8575 2.4370977405761267 1.825210913660025
2.8625000000000003 2.2863644060665473 1.8634446239454319
2.8675 2.393387557436844 1.9036079698438342
2.8725 2.2704731330762296 1.9418416801292409
2.8775 2.2838345260785715 1.980434392389158
2.8825 2.2203435473924484 2.0180847244659845
2.8875 2.1651900347496036 2.054927302100162
2.8925 2.210273970451609 2.092667384670616
2.8975 2.2602722622567 2.1313947226709744
2.9025 2.0071449282926106 2.165903787470831
2.9075 2.1511114527668855 2.2030156165858914
2.9125 2.1178102142694426 2.239678693232813
2.9175 1.9762257609519118 2.2740082570454137
2.9225 2.1754270286691617 2.3119278406031234
2.9275 1.8909085761927975 2.3450008975049363
2.9325 2.081350467455886 2.381529348411416
2.9375 1.9264728679438008 2.4154550350026924
2.9425 1.8412040258885156 2.447989588942739
2.9475000000000002 1.8628034751031872 2.481017770597738
2.9525 1.9725308012642135 2.516110213606175
2.9575 1.732074502772579 2.5470292586609227
2.9625 1.681135255046411 2.577140549273021
2.9675000000000002 1.7978269867122694 2.6094507269789986
2.9725 1.7221033924043616 2.6405043977741878
2.9775 1.6642395345087664 2.6706156883862864
2.9825 1.6883273430267387 2.7012654819601507
2.9875000000000003 1.7590542734248826 2.733306408185245
2.9925 1.672151602975886 2.763866451265482
2.9975 1.6910502770967666 2.7948752468138576
3.0025 1.5463937371964867 2.823326153293843
3.0075000000000003 1.643358368354526 2.853661820140011
3.0125 1.5627966102608322 2.882606354334949
3.0175 1.5093234416513113 2.91065338359361
3.0225 1.525996356062015 2.9391042900735953
3.0275 1.4921721812947386 2.9670166935918147
3.0325 1.4992110693757001 2.9951534733441036
3.0375 1.5157284459123619 3.0236941303177165
3.0425 1.5677601486160087 3.053311793214863
3.0475 1.5010622001764913 3.081762699694848
3.0525 1.5386261531498426 3.1110213606174835
3.0575 1.4936115175139744 3.1395171423442827
3.0625 1.4066819537658932 3.1664422904325975
3.0675 1.3413422681994365 3.1922006821037514
3.0725000000000002 1.4534418718201558 3.220202836115599
3.0775 1.4092544962748896 3.24744211093161
3.0825 1.3375761903124437 3.27338000359002
3.0875 1.3447807511614753 3.2995422724824985
3.0925000000000002 1.3381365407647778 3.3256596661281637
3.0975 1.3292364012302773 3.3516873092802015
3.1025 1.3066802027522244 3.3773559504577277
3.1075 1.3411886924915275 3.4037874708310896
3.1125000000000003 1.3459621169933766 3.4303984921917072
3.1175 1.3077110027973355 3.456336384850117
3.1225 1.1772331226092565 3.4797612636869504
3.1275 1.2836254993192935 3.505385029617663
3.1325000000000003 1.2548815446827364 3.530515167833423
3.1375 1.1391989394875406 3.5534015437084907
3.1425 1.3426524374192723 3.580461317537246
3.1475 1.2718034825476234 3.606174833961587
3.1525 1.2633473784821991 3.6317985998922993
3.1575 1.1336350539406237 3.654864476754622
3.1625 1.27955448263389 3.680981870400287
3.1675 1.2229193545964119 3.70602225812242
3.1725 1.203774680015786 3.730748519116855
3.1775 1.162965967048384 3.7547119009154555
3.1825 1.1831955976023736 3.779168910429007
3.1875 1.1253816371353995 3.8025040387722133
3.1925 1.0722386181343233 3.8248070364387003
3.1975000000000002 1.1032987524532354 3.8478280380542094
3.2025 1.1470236532423923 3.871836295099623
3.2075 1.1028418557824167 3.8949919224555734
3.2125 1.1398937657950414 3.919000179500987
3.2175000000000002 1.108741392367338 3.942425058337821
3.2225 1.1518871070926338 3.9668371926045594
3.2275 1.0280005079925358 3.988691437802908
3.2325 1.0605968661699903 4.011308562197092
3.2375000000000003 1.019561870881335 4.033117932148627
3.2425 1.1565436608340058 4.05793394363669
3.2475 1.0299721943518838 4.080102315562735
3.2525 1.095400351635831 4.103751570633638
3.2575000000000003 1.1459169781112717 4.128567582121702
3.2625 1.1816581641542696 4.154236223299228
3.2675 1.0956637968407241 4.1781098546042
3.2725 1.0964247207614524 4.2020732364028
3.2775 1.0275789259549413 4.224600610303357
3.2825 1.1183248150572132 4.24919224555735
3.2875 1.015233396713864 4.2715849937174655
3.2925 1.0628612972159157 4.295099623047927
3.2975 1.0272850725196139 4.317896248429366
3.3025 0.997967550532797 4.340109495602226
3.3075 1.0673127302239793 4.363938251660385
3.3125 0.9699078226540337 4.385657871118291
3.3175 0.9769759448500819 4.407601866810268
3.3225000000000002 1.023835100622945 4.430667743672591
3.3275 1.0088450305682133 4.45346436905403
3.3325 1.0176997741583649 4.4765302459163525
3.3375 1.0047826079828492 4.499371746544606
3.3425000000000002 1.062790842716493 4.523604379824089
3.3475 1.098863458619659 4.548734518039849
3.3525 1.021244677833846 4.572159396876684
3.3575 1.027958185356445 4.595808651947586
3.3625000000000003 1.0210137579389258 4.619368156524861
3.3675 1.0005328906800826 4.6425237838808115
3.3725 1.022700886927525 4.666262789445342
3.3775 0.950283265418393 4.688386286124573
3.3825000000000003 1.0781622667384818 4.713561299587148
3.3875 0.9159381889566813 4.735011667564171
3.3925 0.9514511782480262 4.757359540477473
3.3975 1.0229448807622548 4.781457548016514
3.4025 0.9344707535227986 4.803536169448932
3.4075 0.941199176642215 4.8258391671154195
3.4125 0.93277845838237 4.848007539041465
3.4175 0.9338164267530349 4.870265661461138
3.4225 0.9667567097731372 4.893376413570275
3.4275 0.9957574976239898 4.917250044875248
3.4325 0.9947249179739333 4.941168551427033
3.4375 1.025328585503259 4.965894812421468
3.4425 0.9370016608930145 4.988556812062466
3.4475000000000002 0.9879377669693147 5.012520193861066
3.4525 0.983233609394108 5.036438700412853
3.4575 1.0484491192727288 5.062017591096751
3.4625 0.9812306357766605 5.086025848142164
3.4675000000000002 0.9509710271893494 5.109360976485371
3.4725 0.9646461714163153 5.1330999820499015
3.4775 0.9946033804509726 5.157646742057081
3.4825 0.9174135469452589 5.180353616944893
3.4875000000000003 0.9870998650643765 5.20485550170526
3.4925 0.9554323074519666 5.2286393825166035
3.4975 0.8879906346096986 5.250807754442649
3.5025 1.019888891463343 5.276341769879735
3.5075000000000003 0.9043822722311023 5.299048644767547
3.5125 0.937453989827082 5.322653024591635
3.5175 1.0147633644554173 5.348276790522348
3.5225 0.9622650447525161 5.372644049542273
3.5275 0.9241969439312883 5.39611380362592
3.5325 0.9374414999081786 5.419987434930892
3.5375 0.9769644909469967 5.444938072159397
3.5425 0.9829694672777048 5.47011308562197
3.5475 0.9295306378436852 5.493986716926943
3.5525 0.9373698651184906 5.518129599712799
3.5575 0.9521110954971675 5.542721234966791
3.5625 0.9823589321730581 5.56816549991025
3.5675 0.9364146697161758 5.59248788368336
3.5725000000000002 0.9613612434846791 5.617528271405492
3.5775 0.9363411359391596 5.641985280919045
3.5825 0.9697078678781987 5.667384670615688
3.5875 0.9960511053593017 5.693546939508167
3.5925000000000002 0.9506869490848702 5.718587327230299
3.5975 0.9004739452748544 5.742371208041644
3.6025 0.9267791065646167 5.766917968048824
3.6075 1.000243906791372 5.793484114162627
3.6125000000000003 0.958723653424444 5.819018129599713
3.6175 0.9913609769153522 5.8454945252198875
3.6225 1.0238145795549096 5.872913301023156
3.6275 0.955824315789161 5.898581942200682
3.6325000000000003 0.9181998999988232 5.923308203195118
3.6375 0.9406050706071918 5.948707592891761
3.6425 0.9744848547496154 5.975094238018309
3.6475 0.9569403149800513 6.001077005923532
3.6525 1.007065341887592 6.028495781726799
3.6575 0.8793909696221153 6.052504038772213
3.6625 1.0376367210110997 6.080910070005385
3.6675 0.8909496196497075 6.1053670795189365
3.6725 0.9439562026190975 6.13134984742416
3.6775 0.8991179300865794 6.156165858912225
3.6825 0.9339720128224835 6.182014001077006
3.6875 0.957314283933276 6.208580147190809
3.6925 0.9466599058438839 6.234921917070544
3.6975000000000002 0.9087176702236985 6.260276431520373
3.7025 0.973633363562473 6.287515706336385
3.7075 0.9022225457760463 6.312825345539401
3.7125 0.993921335250462 6.340782624304434
3.7175000000000002 0.98806732391776 6.36865015257584
3.7225 0.9473311321790889 6.395440674923712
3.7275 0.9780252393090666 6.423173577454676
3.7325 0.9659367314492775 6.450637228504757
3.7375000000000003 0.9271495335212755 6.47706874887812
3.7425 0.9859001164205592 6.505250403877221
3.7475 0.9253394763424576 6.531771674744212
3.7525 0.8853980264386041 6.557215939687668
3.7575000000000003 0.8752562683667032 6.582435828397056
3.7625 0.9754466451734646 6.610617483396158
3.7675 0.9372290594136335 6.6377670077185424
3.7725 0.9671920754317832 6.665858912224017
3.7775 1.0278122304746256 6.69579070184886
3.7825 0.8867778430078228 6.721683719260456
3.7875 0.9288898874365699 6.748878118829653
3.7925 0.9493739593148329 6.776745647101059
3.7975 0.9240042167307874 6.803940046670256
3.8025 0.9808851585082392 6.832884580865194
3.8075 0.9874112225227009 6.862098366541016
3.8125 0.8516979161984817 6.887363130497217
3.8175 0.9792272714263108 6.916487165679412
3.8225000000000002 0.9691428009599417 6.945386824627536
3.8275 0.9711152562522782 6.9744211093161015
3.8325 0.9281630123660625 7.002243762340693
3.8375 0.9794989116074498 7.0316819242505835
3.8425000000000002 0.9084457096011471 7.059055824807037
3.8475 0.9877824004421119 7.088897863938252
3.8525 0.9066987629269914 7.116361514988332
3.8575 0.9516360679634189 7.145261173936457
3.8625000000000003 0.9241180480447003 7.173397953688745
3.8675 0.9467212359693082 7.20229761263687
3.8725 0.9780023030984811 7.232229402261712
3.8775 1.0193564182340404 7.263507449290971
3.8825000000000003 0.897116994388471 7.2911057260814935
3.8875 0.9311852043519513 7.319825884042363
3.8925 0.973782969200629 7.34993717465446
3.8975 0.9423356860604449 7.379150960330282
3.9025000000000003 1.0106693933506752 7.410563633099983
3.9075 0.9317581599600293 7.439597917788548
3.9125 0.9796536732641609 7.470202836115599
3.9175 0.9284401079968019 7.4992819960509784
3.9225 0.9975310346109814 7.53060491832705
3.9275 0.9579300204273797 7.5607610841859625
3.9325 0.9099958456681414 7.589481242146832
3.9375 0.9431427054703742 7.619323281278048
3.9425 0.9251906665553224 7.64867169269431
3.9475000000000002 0.9016821649523197 7.677346975408364
3.9525 0.9374052270096938 7.707233889786394
3.9575 0.9434618095088401 7.737390055645307
3.9625 0.8976693114209991 7.766155088852988
3.9675000000000002 0.9848093096726285 7.797792137856758
3.9725 0.9906920739498413 7.829698438341411
3.9775 0.9604053492887679 7.860707233889787
3.9825 0.9371994536258682 7.891042900735955
3.9875000000000003 0.9597430552186264 7.922186322024771
3.9925 0.9725146838609279 7.95382337102854
3.9975 0.9040351670374173 7.9833064081852445
4.0025 0.9923674627960739 8.015751211631663
4.0075 0.9351268826121899 8.046401005205528
4.0125 0.9491866346526181 8.07758930174116
4.0175 1.0081307216774893 8.110796984383413
4.0225 0.9403962525053584 8.141850655178603
4.0275 0.9434850923608501 8.173083826961049
4.0325 0.9438512854862776 8.20440674923712
4.0375 0.9725391550562051 8.236761802189912
4.0425 1.0172287818499013 8.270687488781189
4.0475 0.985188302418325 8.30362591994256
4.0525 0.9077798710021184 8.334051337282355
4.0575 1.0391050173342413 8.368964279303537
4.0625 0.912642576328013 8.399703823371029
4.0675 0.9622332171989973 8.43219350206426
4.0725 0.9797587588385094 8.465356309459702
4.0775 0.974712309640646 8.498429366361515
4.0825000000000005 0.9459401762726735 8.53060491832705
4.0875 0.9633685235283695 8.563453598994796
4.0925 0.9833346534597127 8.597065158858374
4.0975 0.9416464398986266 8.629330461317537
4.1025 1.0164343198835963 8.664243403338718
4.1075 1.0061414923696468 8.698887093879016
4.1125 0.9867948113597753 8.732947406210734
4.1175 0.9921814951479484 8.767276970023335
4.1225000000000005 1.0104774095872113 8.802324537784958
4.1275 0.9551123474303528 8.835532220427211
4.1325 0.9901420826420924 8.87004128522707
4.1375 1.0468356379128625 8.906614611380363
4.1425 0.912329805860034 8.938565787111829
4.1475 1.0149499282998606 8.974196733082032
4.1525 1.0086816160453387 9.009693053311793
4.1575 0.9604601274998199 9.043573864656256
4.1625 0.9936882937505238 9.078711182911505
4.1675 0.99510345413203 9.113983126907199
4.1725 0.9396738684676635 9.147370310536708
4.1775 0.9512856366651832 9.181251121881171
4.1825 0.9603252862187612 9.215535810446957
4.1875 0.9480015787790967 9.249461497038233
4.1925 0.9457417429522799 9.28338718362951
4.1975 1.010882119245685 9.319736133548734
4.2025 1.0159483283935067 9.356354334948842
4.2075000000000005 1.0023564540881535 9.392568659127624
4.2125 0.9888262100246485 9.428379106085085
4.2175 0.9580505530259942 9.463157422365823
4.2225 1.008813518282025 9.499865374259558
4.2275 0.9904340306295636 9.535989947944714
4.2325 0.9316327533989558 9.570050260276432
4.2375 0.9576002197030407 9.60514270328487
4.2425 1.004211110549163 9.642030156165859
4.2475000000000005 0.9689408373054653 9.677705977382876
4.2525 0.976391089620968 9.713740800574403
4.2575 0.9765252424824755 9.749865374259558
4.2625 1.02627553311532 9.78791958355771
4.2675 0.9610874700385518 9.82364028002154
4.2725 1.0250907733258856 9.861829115060132
4.2775 0.9505902475799003 9.897325435289893
4.2825 1.0490838882093727 9.936591276252019
4.2875000000000005 0.9318072799364462 9.971549093520014
4.2925 1.0191407585694978 10.009872554299047
4.2975 0.9655749522184923 10.046266379465088
4.3025 1.0417289734094548 10.08562197092084
4.3075 0.9824283045160439 10.122823550529528
4.3125 0.9647812414014277 10.159441751929636
4.3175 0.9802418486746705 10.196733082031951
4.3225 0.9332544980426579 10.232319152755341
4.3275 0.9534079843509666 10.268757853168191
4.3325000000000005 1.0004091068272918 10.307081313947226
4.3375 1.0168038588222001 10.346122778675284
4.3425 0.9025228689193328 10.380856219709209
4.3475 1.0144583297507472 10.419987434930892
4.3525 0.9482905134840012 10.456650511577815
4.3575 0.943799463892662 10.493223837731108
4.3625 1.0386894513037912 10.533566684616765
4.3675 0.9959667147479878 10.572338897863938
4.3725000000000005 1.048895232636185 10.613265122958177
4.3775 0.9558496852204548 10.65064620355412
4.3825 0.9834362758098256 10.689194040567223
4.3875 0.9423594703145137 10.726216119188656
4.3925 1.0063152939568325 10.765840962125292
4.3975 1.0347289642165811 10.806677436725902
4.4025 0.9904040885866829 10.845853527194398
4.4075 1.0809749746873758 10.888709387901633
4.4125000000000005 0.9859200921591542 10.927885478370133
4.4175 1.0129860993086273 10.96822832525579
4.4225 1.026436305678821 11.00919942559684
4.4275 0.9713990243143353 11.048061389337642
4.4325 1.028525192239933 11.089301741159577
4.4375 1.0061088511757874 11.129734338538862
4.4425 0.9882473485708626 11.169538682462754
4.4475 0.9615704420968321 11.208355770956741
4.4525 0.9627394763130162 11.247307485191168
4.4575000000000005 0.9450876287120937 11.285630945970205
4.4625 0.9937633194113366 11.326018668102675
4.4675 0.9265391716969613 11.363758750673128
4.4725 1.042088373219331 11.406300484652665
4.4775 0.9673737706196393 11.445880452342488
4.4825 0.9280089560691746 11.48393466164064
4.4875 0.9445046407848012 11.522751750134626
4.4925 1.0012355279987153 11.563992101956561
4.4975000000000005 0.9740081204826279 11.604200323101777
4.5025 1.0401789873465739 11.647235684796268
4.5075 0.9837603729908873 11.688027284150063
4.5125 1.0290947986812586 11.730793394363669
4.5175 0.9826422388043827 11.771719619457908
4.5225 1.0084226689078113 11.813812600969305
4.5275 0.958997584923313 11.853931071620893
4.5325 0.9461795389305327 11.893600789804346
4.5375000000000005 0.9782708445565843 11.93470651588584
4.5425 1.0048904842467656 11.977023873631305
4.5475 0.9356947003895415 12.0165140908275
4.5525 1.0004806579337586 12.058831448572967
4.5575 0.9760554249685749 12.100206426135342
4.5625 0.9908182487786236 12.14229940764674
4.5675 0.9918121513026825 12.184527014898583
4.5725 1.0180400005716774 12.227966253814396
4.5775 0.9906316561154525 12.270328486806676
4.5825000000000005 0.9539164615942277 12.311209836654102
4.5875 1.0197520262705204 12.355008077544428
4.5925 0.9977242355301099 12.397953688745288
4.5975 0.9612257785642886 12.439418416801292
4.6025 1.005849714017673 12.48290253096392
4.6075 0.969487190177514 12.52490576198169
4.6125 1.0180295549736966 12.569107880093341
4.6175 1.0209825059624418 12.613534374439059
4.6225000000000005 1.045530683549598 12.65912762520194
4.6275 1.00425248365299 12.70301561658589
4.6325 0.9662238457652701 12.745332974331358
4.6375 0.9365361445560265 12.786438700412853
4.6425 1.008995853706658 12.830820319511757
4.6475 1.0170062133634903 12.875650691078802
4.6525 0.9884096837189923 12.919314306228683
4.6575 1.0156846978188416 12.96427930353617
4.6625000000000005 0.9568643227028477 13.006731287022081
4.6675 0.9931694689905992 13.050888529886914
4.6725 0.9668732128096145 13.093968766828217
4.6775 0.9949574716053355 13.138395261173937
4.6825 1.024925360235035 13.1842577634177
4.6875 0.9867139519338403 13.228504756776163
4.6925 0.9726292141011892 13.272213247172859
4.6975 1.0283549325827532 13.318524501884761
4.7025 1.0410845203708674 13.365508885298869
4.7075000000000005 1.0339129560636249 13.41226889247891
4.7125 1.0723156545997554 13.460868784778315
4.7175 0.9761803090000873 13.505205528630409
4.7225 0.9603110803520869 13.548914019027105
4.7275 0.984845077977807 13.593834141087775
4.7325 0.9562570015380485 13.637542631484472
4.7375 0.9757932485860592 13.682238377311077
4.7425 0.9698261935803836 13.726754622150422
4.7475000000000005 0.9687600441487849 13.771315742236583
4.7525 0.9803522190457544 13.816505115778137
4.7575 0.957891319890885 13.8607521091366
4.7625 1.0033842722856816 13.907197989588942
4.7675 0.9635513228205824 13.951893735415545
4.7725 1.047453569585334 14.00058337820858
4.7775 0.9633753409456169 14.045458625022436
4.7825 0.9411734157028051 14.089391491653203
4.7875000000000005 0.9641517749853941 14.134491114701131
4.7925 0.9468233634929237 14.178872733800034
4.7975 1.0327439146524944 14.227382875605816
4.8025 0.9810192858484559 14.273559504577275
4.8075 0.967563072032707 14.319197630586968
4.8125 1.014923101369312 14.367169269430983
4.8175 1.0251342223063802 14.415724286483577
4.8225 0.9473711753607406 14.460689283791062
4.8275 0.9973034935383471 14.508122419673308
4.8325000000000005 0.9651105387686497 14.554119547657512
4.8375 1.020433687074945 14.602854065697361
4.8425 0.9864461888386129 14.650062825345538
4.8475 1.0096776140719406 14.698483216657692
4.8525 0.9898552606453277 14.74605097828038
4.8575 0.9561337770952081 14.792092981511399
4.8625 0.941148603936192 14.837506731287021
4.8675 0.9958288871095443 14.88565787111829
4.8725000000000005 1.014162019837072 14.934796266379466
4.8775 0.9279745707612365 14.979851014180579
4.8825 0.9832628246606799 15.02768802728415
4.8875 0.9554780875527706 15.074268533476936
4.8925 0.9562819970681916 15.12098366541016
4.8975 1.0093350359453885 15.170391312152216
4.9025 0.9734268975636281 15.218138574762161
4.9075 1.0070518117423557 15.267635971997844
4.9125000000000005 1.033248651341933 15.31852450188476
4.9175 0.9929578660258951 15.367528271405494
4.9225 0.9265123484401381 15.413345898402442
4.9275 1.0070439874890755 15.46324717285945
4.9325 0.9543916915906538 15.510635433494883
4.9375 0.9605772797406902 15.558427571351643
4.9425 0.9766372887670398 15.607117214144678
4.9475 1.0303593868043854 15.658589122240171
4.9525 1.0318659344927374 15.710240531322922
4.9575000000000005 0.960894606250774 15.758436546401006
4.9625 1.0482478429942277 15.811120086160475
4.9675 0.9882178966497686 15.860886734877042
4.9725 0.9871208277307688 15.910698258840423
4.9775 0.998451342628994 15.961182911506015
4.9825 0.9893625763662437 16.011308562197094
4.9875 1.0298098189513238 16.063588224735234
4.9925 0.9915784613503944 16.114028002154015
4.9975000000000005 0.9860736136122101 16.16428827858553
5.0025 0.9990407215330723 16.215311434212886
5.0075 0.9821391595531117 16.26557171064441
5.0125 1.0256891493865399 16.31816549991025
5.0175 0.9983168213837526 16.36945790701849
5.0225 0.9893566827246073 16.420391312152216
5.0275 0.9952192938959941 16.47172859450727
5.0325 1.0071341983595241 16.523783880811344
5.0375000000000005 1.0008034344757128 16.57561479088135
5.0425 0.962498966324489 16.625560940585174
5.0475 0.9838958242378517 16.676718721952973
5.0525 1.0629172045449886 16.732094776521272
5.0575 1.0410444703186497 16.78643870041285
5.0625 0.9875115245448072 16.838090109495603
5.0675 0.9881325728731093 16.889876144318794
5.0725 0.9810580332368899 16.941392927661102
5.0775 1.0123898363135053 16.99465984562915
5.0825000000000005 1.016357447658222 17.048240890324898
5.0875 1.0109624821024064 17.101642434033387
5.0925 0.9843897122606076 17.153742595584276
5.0975 0.9849981921075842 17.20597738287561
5.1025 1.0328977997354085 17.260859809728952
5.1075 1.0039034182254305 17.31430622868426
5.1125 0.9783854711279827 17.366496140728774
5.1175 1.0444835390285885 17.42232094776521
5.1225000000000005 0.978759140579297 17.4747352360438
5.1275 1.0103050378289733 17.528944534194938
5.1325 1.0258665973715322 17.584096212529168
5.1375 0.9788837506865011 17.63682462753545
5.1425 0.9961050454780185 17.69058517321845
5.1475 0.9642959441569976 17.742730210016155
5.1525 0.9864445626435175 17.79617662897146
5.1575 0.9878394244530369 17.849802548914017
5.1625000000000005 0.9818016438308079 17.90320409262251
5.1675 0.9856667413523106 17.956919763058696
5.1725 0.979652790076341 18.010411057260814
5.1775 0.9802223783798782 18.064036977203376
5.1825 1.0192662709684925 18.119906659486624
5.1875 1.0287419120872703 18.176404595225275
5.1925 1.0088198347167814 18.231915275534014
5.1975 0.9865305692578099 18.286304074672408
5.2025 0.9578258433724816 18.339211990665948
5.2075000000000005 0.9867995537355134 18.393825166038415
5.2125 0.9638657515088234 18.447271584993718
5.2175 0.9846360077290685 18.50197451085981
5.2225 0.9900072912397567 18.55708131394723
5.2275 0.9816771253938208 18.611829115060132
5.2325 1.0223670718174622 18.668955304254172
5.2375 0.9338449556928918 18.721234966792316
5.2425 0.9576662801724363 18.774950637228507
5.2475000000000005 1.033299705841843 18.833019206605638
5.2525 0.9851066994241662 18.888485011667562
5.2575 0.9800518869181423 18.943771315742236
5.2625 0.9972460983295723 19.00013462574044
5.2675 1.020713123573493 19.05793394363669
5.2725 1.00533151731116 19.114970382337102
5.2775 0.9742167674670362 19.170346436905405
5.2825 0.9889210896836998 19.226664871656794
5.2875000000000005 1.0350278910255555 19.28572069646383
5.2925 0.9891126045113887 19.342263507449292
5.2975 0.9778440086315096 19.398267815472988
5.3025 0.9986802642229133 19.45557350565428
5.3075 0.9491841858723833 19.51014180577993
5.3125 1.0260884842679545 19.56924250583378
5.3175 1.0093844735876483 19.62749057619817
5.3225 1.040864897501828 19.68766828217555
5.3275 1.0071481525918498 19.746006103033565
5.3325000000000005 1.019952606812701 19.805196553581045
5.3375 0.935456869993063 19.85958535271944
5.3425 0.9699148161072884 19.91608328845809
5.3475 0.9757913428318759 19.973029976664872
5.3525 0.9793417014994403 20.030290791599356
5.3575 0.9913039625037166 20.088359360976487
5.3625 0.9733986029445205 20.145485550170527
5.3675 1.000588508594657 20.20431699874349
5.3725000000000005 1.0093922254606884 20.263776700771853
5.3775 0.9885062958156439 20.32211452162987
5.3825 0.9737680141247693 20.379689463292046
5.3875 1.0257488143132145 20.440450547478008
5.3925 0.976209119460558 20.4983844911147
5.3975 1.0106300345412365 20.558472446598458
5.4025 1.0419084369591982 20.62053491294202
5.4075 0.9880962130851471 20.67950098725543
5.4125000000000005 1.0770925159352684 20.743896966433315
5.4175 0.9514868859842713 20.80088852988691
5.4225 1.0290020466134948 20.862636869502783
5.4275 0.9748559321057626 20.92124394184168
5.4325 1.0661961007457785 20.98546042003231
5.4375 1.0047400991443862 21.04608687847783
5.4425 1.00512185253796 21.106847962663796
5.4475 0.9958678616623255 21.16716029438162
5.4525 1.0398983725635527 21.230254891401902
5.4575000000000005 1.0217520736091454 21.292362232992282
5.4625 1.044937361018722 21.35599533297433
5.4675 0.9569662900719769 21.41437802907916
5.4725 1.0073479279778152 21.475946867707773
5.4775 1.0033110659669504 21.537381080595942
5.4825 0.9729517128265618 21.59706515885837
5.4875 0.9667982271268715 21.656479985639923
5.4925 1.0240781967730304 21.71952970741339
5.4975000000000005 0.9982068875915229 21.781098546042
5.5025 0.9557244877679503 21.840154370849042
5.5075 1.0032842751398676 21.90226171243942
5.5125 1.0477756079517242 21.967241069825885
5.5175 1.0314316429246508 22.031322922276075
5.5225 1.0072143024988591 22.09401364207503
5.5275 0.9643711798345169 22.1541464728056
5.5325 1.0574549926819556 22.2202028361156
5.5375000000000005 0.99746250372235 22.282624304433675
5.5425 1.0221478776075563 22.34670615688386
5.5475 1.0153046693842476 22.410473882606354
5.5525 1.0305940720773212 22.47531861425238
5.5575 1.03657172857181 22.540656973613356
5.5625 1.0055723414017863 22.604155447854964
5.5675 1.0044763815227955 22.667698797343387
5.5725 1.0288744620999069 22.73290253096392
5.5775 0.9365557791153737 22.792362232992282
5.5825000000000005 0.9906188143289067 22.855367079518942
5.5875 1.0113845043750296 22.919807933943638
5.5925 0.9941097923578754 22.98326153293843
5.5975 0.9979489367822979 23.047074133907735
5.6025 0.9583392926747138 23.108463471549094
5.6075 0.9629246485978269 23.170256686411776
5.6125 0.9849433079578659 23.233575659666126
5.6175 0.9713450686876752 23.296131753724644
5.6225000000000005 0.9717049298070227 23.358822473523603
5.6275 0.9574810492709633 23.420705438879914
5.6325 1.0472707930335334 23.48851193681565
5.6375 1.0032099266033039 23.553581044695743
5.6425 0.9316777898975488 23.61411775264764
5.6475 1.015516995515996 23.68021899120445
5.6525 0.9813757266844064 23.744211093161013
5.6575 0.9803288336281242 23.808248070364385
5.6625000000000005 0.9491100861512309 23.870355411954765
5.6675 0.9556509355789075 23.933001256506913
5.6725 0.9649006884581001 23.996365105008074
5.6775 1.0048133344740156 24.062466343564893
5.6825 0.9880648561217305 24.127580326691795
5.6875 0.9761319980905743 24.192021181116495
5.6925 0.9479539845932488 24.254711900915453
5.6975 0.9652573684266288 24.318659127625203
5.7025 0.9804700755216886 24.3837282355053
5.7075000000000005 0.9963030186702955 24.44996409980255
5.7125 1.002645558021181 24.51673846706157
5.7175 0.9739869643705712 24.581717824448035
5.7225 0.9413981490996909 24.644632920481065
5.7275 1.0027630601511848 24.711766289714593
5.7325 1.0056984552153194 24.77921378567582
5.7375 1.0674027250014024 24.850924430084365
5.7425 0.9735264991430226 24.9164422904326
5.7475000000000005 0.9598519022117202 24.98115239633818
5.7525 0.999381972337585 25.04864476754622
5.7575 0.9943302892330819 25.115912762520196
5.7625 0.9594965957505244 25.180936995153473
5.7675 0.9697322456163231 25.2467689822294
5.7725 1.0168846348307408 25.315921737569557
5.7775 0.9373934648627593 25.379779213785675
5.7825 0.9956152084194663 25.44772033746186
5.7875000000000005 0.9958650763436604 25.515796086878478
5.7925 0.9810398418471373 25.58297433135882
5.7975 0.9819652236400217 25.650332076826423
5.8025 0.9920290855343017 25.718497576736674
5.8075 1.0014048921320648 25.78742595584276
5.8125 1.0543529384874446 25.86012385568121
5.8175 0.9596318229587042 25.926404595225275
5.8225 0.9994948815122269 25.995557350565427
5.8275 0.9388589874074447 26.060626458445523
5.8325000000000005 0.9850820426577378 26.129016334589842
5.8375 0.9698445366813165 26.196463830551068
5.8425 0.9559460633761692 26.26305869682283
5.8475 0.9703886520356252 26.330775444264944
5.8525 1.004681551345687 26.40100520552863
5.8575 0.9696416544429355 26.468901453957997
5.8625 0.9628701402977466 26.53643870041285
5.8675 0.960591125867931 26.603931071620895
5.8725000000000005 0.9972123040357807 26.674115957637767
5.8775 0.9700555885498034 26.742505833782083
5.8825 1.0046271918898722 26.813453598994794
5.8875 1.0168774409221653 26.885388619637403
5.8925 1.016419024162057 26.95741339077365
5.8975 0.9988910424526019 27.028316280739546
5.9025 0.9751095797237899 27.097648537066956
5.9075 0.967789009781655 27.16657691617304
5.9125000000000005 0.989426062719159 27.237165679411238
5.9175 0.9557296294590764 27.305465805061928
5.9225 0.9741768538897974 27.375201938610665
5.9275 1.0075803327011148 27.447451085980973
5.9325 1.0121303591493027 27.52014898581942
5.9375 0.9642711547262154 27.589526117393646
5.9425 0.9483277382466764 27.657871118291148
5.9475 0.996463859826854 27.729806138933764
5.9525 0.973070219792038 27.80017052593789
5.9575000000000005 0.9330261182041923 27.867752647639563
5.9625 1.0025895233267423 27.940495422724823
5.9675 0.9811512765373055 28.011802189912046
5.9725 0.9172496311569545 28.078576557171065
5.9775 0.9969486197537398 28.151274457009514
5.9825 0.9713223610939217 28.22222222222222
5.9875 1.0009814588356407 28.29545862502244
5.9925 0.9895145912096847 28.367977023873628
5.9975000000000005 0.9774732522089569 28.439732543528986
6.0025 1.0033083055524945 28.513507449290973
6.0075 1.0229633370603342 28.58885298869144
6.0125 1.010922289909236 28.66343564889607
6.0175 0.9612705755274017 28.734473164602406
6.0225 0.9833183967326025 28.807260814934484
6.0275 0.9605045368288132 28.878477831628075
6.0325 0.9589129803799346 28.949694848321666
6.0375000000000005 1.0266967805628495 29.026072518398852
6.0425 1.0027157848268036 29.100789804343925
6.0475 0.9944448046782344 29.175013462574046
6.0525 0.9855995321026356 29.248698617842397
6.0575 0.9947596813656363 29.3231915275534
6.0625 0.9931195173823768 29.397684437264402
6.0675 1.0028317105720754 29.473029976664872
6.0725 1.0059513270397442 29.548734518039847
6.077500000000001 0.9400027567755863 29.61959253275893
6.0825000000000005 1.0246368213228618 29.69695745826602
6.0875 1.0063402235614325 29.773065876862326
6.0925 0.9928413833029766 29.84827679052235
6.0975 0.9308893088319488 29.91891042900736
6.1025 0.9724671852299162 29.992819960509784
6.1075 0.9856126170213122 30.06785137318255
6.1125 0.9775271328012273 30.142389158140368
6.1175 0.9859183119535764 30.217689822294023
6.1225000000000005 0.9579118146961193 30.290971100341054
6.1275 1.0067141421044774 30.36811164961407
6.1325 1.014428163750791 30.445970202836115
6.1375 0.9800869773202221 30.521315742236585
6.1425 0.994809957387538 30.59791778854784
6.1475 0.9838830202443238 30.67380183091007
6.1525 0.9642769292009528 30.748294740621073
6.1575 0.9731505857682008 30.823595404774725
6.1625000000000005 1.0011013837472083 30.901184706515885
6.1675 1.0046814617569015 30.97917788547837
6.1725 0.994397475957572 31.056497935738648
6.1775 0.9651309353831021 31.13166397415186
6.1825 1.0504356589535364 31.213606174833963
6.1875 0.9757979202294695 31.289849219170705
6.1925 1.020095544672392 31.36968228325256
6.1975 0.9869635727320363 31.447047208759646
6.202500000000001 0.9733701759739475 31.523469754083646
6.2075000000000005 1.0054706106509752 31.602539938969663
6.2125 1.0084105862323431 31.681969125830193
6.2175 0.9993948496632981 31.76081493448214
6.2225 1.004604121965631 31.840199246095853
6.2275 0.9389226016766614 31.9145126548196
6.2325 1.0132704794344913 31.99483934661641
6.2375 0.9816928654271182 32.072787650332074
6.2425 0.9897133321291952 32.15149883324358
6.2475000000000005 0.9779893485814242 32.22940226171244
6.2525 0.9758633595150228 32.30726081493449
6.2575 1.0254063211145141 32.38920301561658
6.2625 1.0052677392496732 32.46966433315384
6.2675 1.001425368828094 32.54994614970382
6.2725 1.0009472245084412 32.63031771674744
6.2775 1.0121870434098028 32.71172141446778
6.2825 0.989963921034066 32.791464728056006
6.2875000000000005 1.027324944164265 32.8743493089212
6.2925 1.0234716581039427 32.957054388799136
6.2975 0.9758279416461249 33.03603482319153
6.3025 1.001405084576574 33.117214144677796
6.3075 1.0130826568010871 33.1994704720876
6.3125 1.0352064895838682 33.283656435110395
6.3175 1.0137345677783078 33.36622688924789
6.3225 1.0220331153121731 33.44960509782804
6.327500000000001 0.9902123834502806 33.53051516783342
6.3325000000000005 1.013872744962753 33.61348949919225
6.3375 0.9931120976450167 33.69489319691259
6.3425 0.9964663814655669 33.776700771854244
6.3475 0.9954428905928707 33.85855322204272
6.3525 0.9693565183135457 33.93838628612457
6.3575 0.9678323731587781 34.01821935020643
6.3625 0.9804344209383103 34.09921917070544
6.3675 0.9512367408034743 34.177930353616944
6.3725000000000005 0.9735694412041966 34.25861604738826
6.3775 1.0066434606608026 34.34217375695566
6.3825 1.0298966796403932 34.4277957278765
6.3875 0.9927153429544406 34.510455932507625
6.3925 1.0471244423931854 34.597783162807396
6.3975 1.0352805626324548 34.684257763417705
6.4025 1.0218631555496567 34.769745108598094
6.4075 0.9881345293447976 34.85253993896966
6.4125000000000005 0.9924763129706402 34.935828397056184
6.4175 1.0080154069203315 35.02055286304075
6.4225 0.9947188510391136 35.10429007359541
6.4275 0.9883816367446054 35.187623406928736
6.4325 0.9985369156510564 35.27194399569198
6.4375 1.0282914471792717 35.35891222401723
6.4425 0.9922608533519442 35.442963561299585
6.4475 0.9933672123771982 35.52723927481601
6.452500000000001 0.9986939925518985 35.61209836654102
6.4575000000000005 1.0161312786305348 35.69857296715132
6.4625 0.9950791513251231 35.783387183629515
6.4675 1.032967398812677 35.87156704361874
6.4725 1.0203497856171442 35.95880452342488
6.4775 1.0261120302981086 36.04667025668641
6.4825 1.0433668601182058 36.13615149883324
6.4875 1.0177266478920481 36.22356847962664
6.4925 0.9853827984387752 36.308337820858014
6.4975000000000005 0.9797001049258651 36.39274816011488
6.5025 1.0426789132284044 36.48272302997667
6.5075 1.0073266219849235 36.56978100879555
6.5125 1.0384423997767216 36.65966612816371
6.5175 1.0032025525853947 36.74663435648896
6.5225 1.0228561345657377 36.83544246993358
6.5275 1.0496732340971668 36.92671872195297
6.5325 1.049097549149607 37.018084724465986
6.5375000000000005 0.9960448282680179 37.10496320229761
6.5425 1.0176394827926867 37.19386106623587
6.5475 0.9586392860523523 37.277732902530964
6.5525 1.0309240028767652 37.36806677436726
6.5575 1.0017394406349889 37.45597738287561
6.5625 1.0109356064278132 37.54483037156704
6.5675 1.0042989278506138 37.63323460779034
6.5725 1.013969940502694 37.72262609944355
6.577500000000001 1.0449567908970039 37.81488960689284
6.5825000000000005 1.0073391463311345 37.90396697181835
6.5875 0.9825021028666743 37.99098007539041
6.5925 1.00124982513963 38.07978818883504
6.5975 0.9921552200062433 38.16792317357746
6.6025 1.0421024896595847 38.26063543349488
6.6075 0.9735414488610864 38.34737928558607
6.6125 0.9891676984893485 38.435648896068926
6.6175 1.0489323415897513 38.52939328666308
6.6225000000000005 1.0262917667909237 38.621252916891045
6.6275 1.047771766616584 38.71517680847244
6.6325 1.020700098457266 38.80681206246635
6.6375 0.997701585068377 38.89651768084724
6.6425 1.011150630858755 38.987569556632565
6.6475 1.0056493050485937 39.078262430443374
6.6525 1.0438863585924572 39.17254532399928
6.6575 1.0075915334247552 39.26368695027823
6.6625000000000005 1.0194545364378693 39.356040208221145
6.6675 0.9907220683256401 39.44592532758931
6.6725 1.0154133802574485 39.538188835038596
6.6775 1.011920745571368 39.63027284150063
6.6825 1.0025286100929096 39.72163884401364
6.6875 1.0206966647792266 39.814799856399205
6.6925 0.97400647656435 39.903832346077905
6.6975 0.9848076846126078 39.99398671692694
6.702500000000001 1.0058543942552822 40.086205349129415
6.7075000000000005 0.9725874256974137 40.175507090289
6.7125 1.0087157825242385 40.26826422545324
6.7175 1.019884085166478 40.36218811703464
6.7225 1.0465879384988575 40.45871477293126
6.7275 1.0416319797270728 40.55492730210016
6.7325 1.0192254632172344 40.649210195656075
6.7375 1.0041502080120877 40.7422365823012
6.7425 1.042806628729136 40.83898761443188
6.7475000000000005 1.043193570247574 40.93591814754981
6.7525 1.0975896648040455 41.03805420929815
6.7575 0.9943628357925723 41.13072159396877
6.7625 1.00587510801249 41.224600610303355
6.7675 1.0120710791794143 41.31919763058697
6.7725 1.0455735185078996 41.417070543887995
6.7775 1.0349361910375983 41.51409082749956
6.7825 0.9961277685639595 41.60761084185963
6.7875000000000005 1.033320755113008 41.70476575121163
6.7925 1.0003456353297033 41.798958894273916
6.7975 1.0050609940548536 41.89373541554478
6.8025 0.9983570491786329 41.988018309100696
6.8075 1.0291559500467142 42.08535271943996
6.8125 0.9987447588500404 42.17994973972357
6.8175 1.026139005084284 42.277284150062826
6.8225 1.0321939042787474 42.3753365643511
6.827500000000001 1.0226635985492343 42.472626099443545
6.8325000000000005 1.0093919287327549 42.56879375336564
6.8375 0.9956876416941538 42.66379465087058
6.8425 1.0200633551644211 42.76126368695027
6.8475 0.9871541049419186 42.85572608149345
6.8525 1.043311598827768 42.95570813139472
6.8575 1.0048511190243312 43.052145036797704
6.8625 1.0080564783490473 43.149030694668824
6.8675 1.0205760277235445 43.24726260994436
6.8725000000000005 1.01443604186873 43.345045772751746
6.8775 1.040389167602255 43.44547657512117
6.8825 1.0374854745378665 43.54577275175013
6.8875 1.010485782999921 43.643600789804346
6.8925 1.0099459557769406 43.74151857835218
6.8975 1.02280992447046 43.84082749955125
6.9025 1.0393276788589816 43.94188655537605
6.9075 1.059483315469426 44.04505474780111
6.9125000000000005 1.032181148146394 44.14570992640459
6.9175 1.0233373356113504 44.24564710105905
6.9225 1.021400742135142 44.345539400466706
6.9275 1.0290906229852927 44.44632920481063
6.9325 0.9795663294845749 44.5424071082391
6.9375 0.9781548508680825 44.63848501166757
6.9425 1.0264733520792957 44.739454316998746
6.9475 1.047318556348463 44.842622509423805
6.952500000000001 1.0362598286394498 44.944848321665766
6.9575000000000005 1.0052450008679719 45.04415724286484
6.9625 1.0251206001636535 45.14557530066415
6.9675 0.9824320801430593 45.242909711003406
6.9725 1.0090657432855297 45.34302638664513
6.9775 1.0324605679625443 45.445611200861606
6.9825 1.0224134866119288 45.547343385388615
6.9875 1.0272557520545877 45.64970382337103
6.9925 0.9839642187280382 45.747890863399746
6.9975000000000005 0.9915398954301264 45.84697540836474
7.0025 1.059630438042902 45.95301561658589
7.0075 0.9967721276954696 46.052907915993536
7.0125 1.040066001996161 46.15728774008257
7.0175 1.0341193174302028 46.26121881170347
7.0225 1.031755511053265 46.36506013283073
7.0275 0.9857637565260979 46.46441392927661
7.0325 1.0181527512763222 46.567178244480345
7.0375000000000005 1.0269179745986254 46.670974690360794
7.0425 1.0214702018292758 46.774367259019925
7.0475 1.0403863169257486 46.87982408903249
7.0525 1.0305119266587162 46.98442828935559
7.0575 1.0047717654950412 47.08656435110393
7.0625 1.013488880671042 47.18973254352899
7.0675 0.9940065402803826 47.291060850834675
7.0725 0.9969975168878433 47.392837910608506
7.077500000000001 1.004368775880533 47.49551247531861
7.0825000000000005 1.0538001006028541 47.60339256865913
7.0875 0.990593214871029 47.70494525219889
7.0925 1.0538904285115696 47.813139472267096
7.0975 1.0266524640597647 47.91868605277329
7.1025 1.0103873161611054 48.02270687488781
7.1075 0.9650035150332725 48.122195297074136
7.1125 1.0227613489004064 48.227786752827136
7.1175 1.0096054764799014 48.332166576916165
7.1225000000000005 1.0480652452823571 48.44067492371208
7.1275 1.0093714883952307 48.545323999282
7.1325 1.0209236667611892 48.65131933225633
7.1375 1.0207886712660694 48.7574492909711
7.1425 1.0133257296014682 48.862950996230474
7.1475 1.0127693234541022 48.96854245198348
7.1525 0.9924420086784264 49.07215939687668
7.1575 1.0150919198901147 49.17828935559146
7.1625000000000005 1.0141037986158998 49.28446418955304
7.1675 1.043078671330344 49.39382516603841
7.1725 0.9881972821587428 49.49757673667205
7.1775 1.0094427238779642 49.603706695386826
7.1825 1.0476773345179815 49.714010052055286
7.1875 1.0560098962607627 49.825345539400466
7.1925 1.0018363393692191 49.931116496140724
7.1975 1.0042650122830143 50.03729133010232
7.202500000000001 1.0160110691233948 50.14485729671514
7.2075000000000005 0.9989405440568582 50.25076287919583
7.2125 0.9912156129230955 50.35599533297433
7.2175 0.9759131816738003 50.45974690360798
7.2225 1.037790968813797 50.57022976126369
7.2275 1.0127829040900576 50.67819960509783
7.2325 1.0092812725888622 50.7859450726979
7.2375 1.0209003592595498 50.8950816729492
7.2425 0.9855361541950403 51.00058337820858
7.2475000000000005 1.0377602181271939 51.11182911506013
7.2525 1.0296411155987517 51.22235684796266
7.2575 0.9935730605542565 51.32915993537964
7.2625 1.0126332038760726 51.43816190989051
7.2675 1.0029139190833183 51.54626637946509
7.2725 1.0281431732641129 51.65724286483575
7.2775 1.0109541910594178 51.7665140908275
7.2825 1.002932769384979 51.87506731287022
7.2875000000000005 1.0735995504877485 51.991428827858556
7.2925 0.9931550774634625 52.09921917070544
7.2975 1.0529043329457433 52.21365105008077
7.3025 0.9793037611843647 52.32022976126369
7.3075 0.9874348946476224 52.427840603123315
7.3125 1.000477418216672 52.53702207862143
7.3175 1.0167685817905 52.64813318973254
7.3225 1.0547490513829008 52.763552324537784
7.327500000000001 0.9910616058221225 52.872150421827314
7.3325000000000005 0.9737605860625107 52.97899838449112
7.3375 0.9965303679974501 53.08849398671693
7.3425 1.0106722272030662 53.19969484832166
7.3475 1.0593954484990142 53.31641536528451
7.3525 1.0339568622288424 53.430488242685335
7.3575 1.00533685036809 53.541554478549635
7.3625 1.0051887666462127 53.65275534015437
7.3675 0.9945076943351765 53.762924071082395
7.3725000000000005 1.0008455740870816 53.87394543169988
7.3775 1.0467571035626195 53.99021719619458
7.3825 1.0243602790927884 54.104155447854964
7.3875 1.0141102398690736 54.21710644408544
7.3925 1.0296379937966307 54.33194220068209
7.3975 1.0177993809295516 54.445611200861606
7.4025 1.0304694657451559 54.560850834679584
7.4075 1.031483208667972 54.67635971997846
7.4125000000000005 1.0685104869888753 54.79617662897146
7.4175 0.9959324163782336 54.9080057440316
7.4225 1.0241254999284644 55.023155627355955
7.4275 1.007999806594997 55.13664512654819
7.4325 0.9759949499100213 55.24667923173577
7.4375 0.9862107842155121 55.358014719080956
7.4425 1.0087044084284262 55.47204272123496
7.4475 1.0354975824761072 55.589256865912766
7.452500000000001 1.0535080189003914 55.70866989768444
7.4575000000000005 0.9773697265123112 55.81960150780829
7.4625 1.0313389620029212 55.93681565248609
7.4675 1.0279867315931874 56.05380542092982
7.4725 1.0092847223631016 56.16882067851374
7.4775 0.979620409634069 56.28060491832705
7.4825 1.0466481326981671 56.40019745108598
7.4875 0.9809276164782155 56.51243044336744
7.4925 1.0207463809584376 56.62937533656435
7.4975000000000005 1.0013916301316086 56.74425596840783
7.5025 1.0231055273227319 56.861784239813325
7.5075 0.9764884451101165 56.9741069825884
7.5125 1.0075265312887227 57.09015437084904
7.5175 0.9661104657435734 57.20157960868785
7.5225 1.0250554031664372 57.3199605097828
7.5275 1.0213657665973688 57.43807215939688
7.5325 0.9878442940152168 57.5524591635254
7.5375000000000005 0.9935006583602644 57.66765392209657
7.5425 0.976336778421383 57.781008795548374
7.5475 0.9816056685792047 57.89512654819602
7.5525 0.9884017231869271 58.010186681026745
7.5575 1.002493600955995 58.12704182373003
7.5625 0.9842516034160678 58.2419224555735
7.5675 1.0263394926244103 58.36187399030695
7.5725 0.9877891140221213 58.47747262609944
7.577500000000001 0.9749973835916697 58.59172500448752
7.5825000000000005 0.9882449697147875 58.70768264225453
7.5875 1.022845657214693 58.82785855322204
7.5925 1.016158748248305 58.94740621073416
7.5975 1.0144407583811883 59.06690899299946
7.6025 1.0058785204535317 59.185559145575304
7.6075 0.9718820458857513 59.300350026925145
7.6125 0.9850244669095967 59.41684616765392
7.6175 1.0011630868671404 59.53540656973614
7.6225000000000005 0.9911458652468697 59.65293484114163
7.6275 1.0268857967975684 59.77486088673488
7.6325 1.0044034363017458 59.894273918506556
7.6375 0.987256480522021 60.011802189912046
7.6425 1.0164588714669276 60.132965356309455
7.6475 1.0042269173046876 60.25282714054927
7.6525 1.0171834135203162 60.37439418416802
7.6575 1.0173554692297582 60.496140728774016
7.6625000000000005 1.048984509972474 60.62183629509962
7.6675 1.0225578388186696 60.74452521988871
7.6725 0.9786433255875764 60.86209836654102
7.6775 0.9881872576529127 60.98097289535093
7.6825 1.002921309736581 61.10177705977382
7.6875 1.0481260883163759 61.22819063004847
7.6925 1.0129494737695608 61.350520552863046
7.6975 1.0168294340174298 61.47347872913301
7.702500000000001 1.0140272374835133 61.596257404415724
7.7075000000000005 1.0219656093636313 61.72015796086879
7.7125 1.0187926443977484 61.84383414108777
7.7175 0.9953218844761393 61.96481780649793
7.7225 1.0113626601058234 62.087910608508345
7.7275 0.9632891171229044 62.2053042541734
7.7325 0.9984513723159336 62.327140549273025
7.7375 0.9791647325195016 62.44677795727876
7.742500000000001 1.03658917957916 62.57359540477472
7.7475000000000005 0.9817673069745997 62.69386106623587
7.7525 0.9903795124008105 62.81533835936098
7.7575 1.032949718748664 62.942200682103746
7.7625 1.0232263716421637 63.06803087416981
7.7675 0.9825491986939671 63.189014539579965
7.7725 1.0104037331999103 63.313588224735234
7.7775 0.981478219598084 63.43475139113265
7.7825 0.9954653175015077 63.557799317896254
7.7875000000000005 1.0213807525592677 63.68421288817088
7.7925 0.994722586783559 63.80748519116855
7.7975 1.011529706060847 63.93300125650691
7.8025 0.994341575708453 64.05654281098546
7.8075 0.987657577192234 64.17941123676181
7.8125 0.9943195153483837 64.30326691796805
7.8175 0.976497207070326 64.42505833782086
7.8225 0.9795613698190224 64.54738826063543
7.827500000000001 0.9793869775579973 64.66985280919044
7.8325000000000005 1.0415778720600957 64.80026027643152
7.8375 1.0266466192965593 64.92896248429366
7.8425 0.9874419226064394 65.05290791599353
7.8475 0.9915398497941698 65.17752647639561
7.8525 0.9931303440069048 65.30250403877221
7.8575 0.9986335949964046 65.42833423083826
7.8625 0.9959411036690383 65.55398492191708
7.867500000000001 0.9815316854911452 65.67797522886376
7.8725000000000005 0.9884454705972724 65.80299766648716
7.8775 0.9889627980868423 65.92824448034465
7.8825 1.0305293234454402 66.05892119906659
7.8875 0.9931721153439771 66.18502064261354
7.8925 1.0035629531691652 66.31260096930532
7.8975 0.9554037993384437 66.43421288817088
7.9025 0.9925742611728773 66.56071620893916
7.9075 1.0180453139673231 66.69063004846527
7.9125000000000005 0.9893645459119784 66.8170436187399
7.9175 1.0077583940390786 66.94597020283612
7.9225 0.9980789493064919 67.0738197810088
7.9275 1.0195628166881583 67.20458625022438
7.9325 0.975296391458832 67.32983306408185
7.9375 0.970927029423544 67.45467600071801
7.9425 1.0101383898441416 67.58472446598456
7.9475 0.989720871729474 67.71230479267635
7.952500000000001 0.9509264283985479 67.83503859271227
7.9575000000000005 1.00459747340948 67.96486268174475
7.9625 1.004723469271698 68.0948662717645
7.9675 1.0017309377700838 68.22464548555017
7.9725 0.9845613486203669 68.35236043798241
7.9775 0.9708891254365929 68.47845988152935
7.9825 0.9869272065349757 68.60680308741698
7.9875 0.9801776428247101 68.73442828935559
7.992500000000001 0.9999488596587962 68.86479088134985
7.9975000000000005 1.008668723674392 68.99645485550171
8.0025 0.9823436334364195 69.12484293663616
8.0075 0.976659172008887 69.25264763956201
8.0125 0.9829756378525738 69.38143959791779
8.0175 1.0050109578000912 69.5132830730569
8.0225 1.0122997804924505 69.64624842936637
8.0275 0.973504774710764 69.7742775085263
8.0325 0.9906962203272631 69.90472985101418
8.0375 0.978231705659736 70.0337013103572
8.0425 0.9997923932181563 70.16567941123677
8.0475 0.96459766396638 70.29316998743494
8.0525 1.013587838155801 70.42730210016155
8.057500000000001 0.9879449454118288 70.55820319511757
8.0625 0.970483231499631 70.68695027822653
8.0675 1.0020517283024175 70.82005026027643
8.0725 0.9842768362742043 70.95095135523245
8.0775 1.0123785570015094 71.08575659666127
8.0825 1.0158386949959226 71.2211900915455
8.0875 0.9907144364045832 71.35343744390593
8.0925 1.012322391991731 71.48873631304971
8.0975 0.9882689836993561 71.62098366541015
8.102500000000001 0.9977675301702847 71.75466702566864
8.1075 0.9754624318150509 71.88552324537784
8.1125 0.9926363508264942 72.01884760366183
8.1175 0.9940834687049799 72.1525309639203
8.1225 0.9871941138779101 72.28545144498295
8.1275 0.9972976502271185 72.41989768443727
8.1325 0.9927470440131385 72.55389517142345
8.1375 0.9666230463077046 72.68452701489858
8.1425 0.9733959036181234 72.81623586429725
8.1475 0.9861138068755556 72.9498294740621
8.1525 1.0047548706100906 73.0861155986358
8.1575 0.9866714951640944 73.22011308562197
8.1625 1.0039446376107564 73.35662358642972
8.1675 1.0000788283805075 73.49277508526296
8.1725 1.0008308144928486 73.6291958355771
8.1775 0.9706713041550742 73.7616675641716
8.182500000000001 0.9793378832488033 73.89548555017052
8.1875 0.9519008736066412 74.02571351642433
8.1925 0.9959502083739351 74.16213426673846
8.1975 0.9561241861055453 74.29325973792857
8.2025 0.9980987184197645 74.43030874169807
8.2075 1.0073284091057126 74.56879375336564
8.2125 0.9907791947610449 74.70516962843296
8.2175 0.9762232492699893 74.83970561838089
8.2225 0.9886959671849025 74.97612636869503
8.227500000000001 0.9930168096089962 75.11330999820498
8.2325 0.9927842784852159 75.2506282534554
8.2375 1.003569129423414 75.3896068928379
8.2425 0.9816381813150284 75.52571351642433
8.2475 0.9894996038023833 75.66307664692155
8.2525 1.0034757634939673 75.80254891401901
8.2575 0.9861370135595477 75.9397774187758
8.2625 1.0239164644668262 76.08243582839705
8.2675 1.0085236375097446 76.2231197271585
8.2725 0.968426444088635 76.35837372105546
8.2775 0.9874748899977889 76.4964548555017
8.2825 1.001027569700078 76.63660025130139
8.2875 0.9546792866031141 76.7704182373003
8.2925 0.9861440362004599 76.90881349847425
8.2975 0.9558926853508425 77.04312511218811
8.3025 0.9860028725502641 77.18183450008975
8.307500000000001 1.0052072386622402 77.32341590378748
8.3125 0.9938151461884681 77.46356129958716
8.3175 0.9754571874008411 77.60128343205888
8.3225 1.0095235534979983 77.74398671692694
8.3275 0.9911893674717103 77.88426673846706
8.3325 1.0169195688537287 78.02836115598636
8.3375 0.9976700591870011 78.16989768443726
8.3425 1.0312279209454187 78.3163704900377
8.3475 1.02715286359406 78.46243941841679
8.352500000000001 0.9931443548743979 78.60384132112728
8.3575 0.9922711901494287 78.74528809908453
8.3625 1.0316465084837958 78.89252378388082
8.3675 0.9968100873232123 79.034957817268
8.3725 0.9953061866080075 79.17734697540837
8.3775 0.9690540275344879 79.31614611380363
8.3825 1.0261036592587325 79.46329204810627
8.3875 0.9542423388005685 79.60029617662897
8.3925 0.999309274889775 79.74394184168014
8.3975 0.977851650068347 79.88467061568838
8.4025 1.0068982969567346 80.02975228863758
8.4075 0.9689943460538782 80.16953868246276
8.4125 0.965978613992353 80.30905582480705
8.4175 0.9763137644055393 80.45023335128343
8.4225 0.9922030983495048 80.59387901633458
8.4275 0.9987660805870873 80.7386465625561
8.432500000000001 1.002220485151594 80.8840872374798
8.4375 0.9862074772267987 81.02737390055646
8.4425 1.0121876542323838 81.17460958535273
8.4475 0.987571565470348 81.31843475139112
8.4525 1.0202582564456613 81.46719619457906
8.4575 1.0033745502125975 81.6136690001795
8.4625 0.9797750703544148 81.75686591276252
8.4675 1.0169534064947587 81.90567223119726
8.4725 0.980526788485827 82.04931789624843
8.477500000000001 0.9952803059567392 82.19529707413392
8.4825 0.9855505997216036 82.3400197451086
8.4875 0.9520346264794047 82.47998563992103
8.4925 1.0015236450789946 82.62740082570454
8.4975 0.9735476975900521 82.77086698976844
8.5025 0.9815278536800933 82.91567941123677
8.5075 1.0107548399795399 83.06497935738646
8.5125 0.9959127013663367 83.21225991742955
8.5175 1.0038365119072485 83.36088673487704
8.5225 0.9866140254664919 83.50713516424341
8.5275 0.9751764554028225 83.6518578352181
8.5325 0.9770541539173014 83.79702925866093
8.5375 1.049518116708634 83.95315024232633
8.5425 0.9895326258672095 84.10052055286305
8.5475 0.972424032548942 84.24551247531862
8.5525 1.0187845437440624 84.39759468677077
8.557500000000001 0.9995785407027079 84.54698438341411
8.5625 0.9906137438861742 84.69520732364029
8.5675 0.981070060766247 84.84217375695566
8.5725 1.0065560047457782 84.99313408723748
8.5775 1.0119578992394747 85.1450816729492
8.5825 1.016749491641988 85.2979267635972
8.5875 0.982469016771434 85.44579070184886
8.5925 1.0194472579177547 85.59939867169268
8.5975 0.9914889746593009 85.74896786932328
8.602500000000001 0.9832056128127831 85.89746006103033
8.6075 0.9799861789607363 86.04563812600969
8.6125 1.0185717571107116 86.1998294740621
8.6175 0.9939984374488553 86.35047567761623
8.6225 1.007929426547015 86.50341051875785
8.6275 0.9562461686778048 86.64867169269431
8.6325 1.016218070667588 86.80322204272125
8.637500000000001 0.9826218552601906 86.95283611559863
8.6425 0.9944382336411088 87.10442469933585
8.6475 0.990936223336145 87.25565428109854
8.6525 0.9839171619525742 87.40598635792496
8.6575 1.0062503960671854 87.55990845449651
8.6625 0.995126132245139 87.71230479267635
8.6675 0.9919295149531069 87.86438700412853
8.6725 1.0065731705795868 88.01889247890863
8.6775 0.9890605885735229 88.17088493986716
8.682500000000001 0.9841299277798432 88.32229402261711
8.6875 1.024077062815114 88.48003051516784
8.6925 1.022317266481279 88.63767725722491
8.6975 0.983645080719304 88.78953509244302
8.7025 1.0130009447106545 88.94610482857657
8.7075 1.0100978647536618 89.10240531322924
8.7125 1.0280573964630733 89.2616675641716
8.7175 0.9883958080154451 89.41496140728773
8.7225 0.9936212272858503 89.56924250583378
8.727500000000001 0.9973906247917006 89.72428648357567
8.7325 1.0077827871929312 89.8811254711901
8.7375 0.99568495974963 90.0362591994256
8.7425 1.008643222698228 90.19359181475497
8.7475 0.9853636287407005 90.3474690360797
8.7525 1.0160988693978144 90.50632740980076
8.7575 1.0221065871839896 90.66630766469216
8.762500000000001 1.0069079027792744 90.82408903248968
8.7675 1.0054737230382598 90.98182552504039
8.7725 1.0057565155757762 91.13978639382516
8.7775 0.9709337063322808 91.2924519834859
8.7825 1.0177212536798645 91.45265661461137
8.7875 0.9835322437783839 91.60765571710644
8.7925 0.990662367262078 91.76395620175911
8.7975 0.9832863116431341 91.91926943098187
8.8025 1.005155919183208 92.07821755519655
8.807500000000001 1.0391640217358493 92.24273021001615
8.8125 1.0139184039737665 92.40342846885659
8.8175 1.0082437595639335 92.56340872374798
8.8225 0.9958013997994456 92.72159396876683
8.8275 0.9986241289311498 92.88040746724107
8.8325 0.9935478189132438 93.03859271225993
8.8375 0.9879192770578547 93.19605995332974
8.8425 1.0247671060075816 93.35958535271944
8.8475 0.9848446145045835 93.51691796804883
8.852500000000001 1.000848133810872 93.67698797343385
8.8575 1.008687107396467 93.83849398671693
8.8625 1.044223062439883 94.00587865733262
8.8675 0.9826442295418317 94.16357027463651
8.8725 0.9865648184186404 94.32206964638306
8.8775 0.9963351072442642 94.48231915275534
8.8825 0.989918567252549 94.64171602943816
8.887500000000001 0.9946510239633486 94.80205528630408
8.8925 1.0191149595026008 94.96652306587686
8.8975 0.9868613935101153 95.1259648178065
8.9025 1.0065613702826766 95.28877221324717
8.9075 0.9755015118703765 95.44673308203194
8.9125 1.0200826286514015 95.61209836654102
8.9175 0.9918410666677026 95.77306587686232
8.9225 0.9951489618736987 95.93475139113264
8.9275 0.9818953779980387 96.09446239454317
8.932500000000001 1.0031185909899563 96.25780829294561
8.9375 1.0146591280857635 96.42321845270149
8.9425 0.9835534995669855 96.58373721055467
8.9475 1.0242026960826944 96.75107700592355
8.9525 0.9731268927053891 96.91024950637228
8.9575 1.0260278563522243 97.07826243044336
8.9625 1.0051740790888375 97.24304433674385
8.9675 1.0237408070107594 97.41105726081493
8.9725 0.9955602410659788 97.57462753545146
8.977500000000001 1.0192787861955044 97.74228145754802
8.9825 0.9998853506785909 97.90692873810806
8.9875 0.9745456009673014 98.06758212170166
8.9925 1.0036449363565838 98.23321665769161
8.9975 0.9987271699428767 98.39822294022619
9.0025 1.0125403071748569 98.56569736133548
9.0075 1.0030151414331936 98.73178064979358
9.012500000000001 0.9956761746411872 98.89683180757494
9.0175 0.9694240811402415 99.05770956740261
9.0225 1.0161596725007493 99.22653024591635
9.0275 0.9867040523336343 99.39063902351462
9.0325 0.9737533544889652 99.5527732902531
9.0375 0.9925981529399237 99.7182283252558
9.0425 1.0358722271172893 99.89108777598278
9.0475 0.9936286229035641 100.05708131394722
9.0525 0.9941412424243299 100.22334410339256
9.057500000000001 1.0134140888350798 100.39301741159576
9.0625 0.9930194156042065 100.55945970202836
9.0675 1.0181334218648896 100.73029976664871
9.0725 0.9900301189905685 100.89660743134087
9.0775 0.9881392326779722 101.06278047029258
9.0825 1.025701985300566 101.23546042003231
9.0875 1.0165857604722224 101.40679411236762
9.0925 0.9782324187363555 101.571845270149
9.0975 0.9731722936370629 101.73622329922814
9.102500000000001 0.996784220362245 101.90477472626098
9.1075 0.9763382520465356 102.07005026027643
9.1125 0.9900960511467197 102.23783880811344
9.1175 0.9956232199656861 102.4067492371208
9.1225 1.0291452261681715 102.58153832346078
9.1275 0.9968739504920556 102.75103213067672
9.1325 0.9981554762262173 102.920929815114
9.137500000000001 1.006017484835646 103.09235325794293
9.1425 1.0099156914684866 103.26462933046132
9.1475 1.0379805252407592 103.44188655537606
9.1525 1.021359662074871 103.61649614072878
9.1575 0.968852209576527 103.78231017770597
9.1625 0.983510298962829 103.950816729492
9.1675 0.9816528650772398 104.11918865553761
9.1725 0.991298269149859 104.28940046670257
9.1775 0.9894352295345208 104.4594776521271
9.182500000000001 1.017565413411838 104.63458086519475
9.1875 1.0294829961001197 104.81192784060312
9.1925 0.9875098795699659 104.98222940226172
9.1975 0.9887758744692694 105.15293484114163
9.2025 1.0198980771223916 105.32920481062646
9.2075 1.015418934571541 105.50489140190271
9.2125 1.0153533542779964 105.68075749416622
9.2175 0.9909597612010344 105.85258481421648
9.2225 1.0113429804949892 106.02813677975229
9.227500000000001 1.0043076748991646 106.20265661461139
9.2325 0.989290142768765 106.37475318614253
9.2375 1.027129819407472 106.55362591994256
9.2425 1.0103170654259996 106.72976126368695
9.2475 1.0051107933400623 106.90517860348231
9.2525 0.9952918905353344 107.079070184886
9.2575 1.0088416736423056 107.25551965535811
9.262500000000001 1.0013454193753681 107.43084724465984
9.2675 1.0220268124087644 107.60998922994077
9.2725 0.9835864612100091 107.78257942918687
9.2775 0.9769062853623665 107.95418237300305
9.2825 1.0187264051305696 108.13332435828397
9.2875 1.0132962274486883 108.31170346436905
9.2925 1.0152617920694678 108.49062107341591
9.2975 1.004758451384942 108.66787829833063
9.3025 0.9795395399072864 108.84087237479805
9.307500000000001 1.0000623522396883 109.01768084724466
9.3125 0.9845363728101039 109.19193143062287
9.3175 1.002982439741004 109.36963740800576
9.3225 1.0046899300569807 109.54783701310357
9.3275 0.9960310238936569 109.72469036079698
9.3325 1.0025379844234796 109.90288996589481
9.3375 1.0140743314572265 110.08333333333333
9.3425 1.0094622341237318 110.26314844731647
9.3475 1.000077972151878 110.44148267815473
9.352500000000001 0.9947353756354483 110.61905402979716
9.3575 1.0207933327383207 110.8014719080955
9.3625 1.0013913085325759 110.98061389337641
9.3675 0.9960626971403115 111.1589929994615
9.3725 1.0378040138591282 111.34504577275175
9.3775 1.011442799077336 111.5265661461138
9.3825 1.0121135450431753 111.70840064620354
9.387500000000001 1.0245095039648098 111.89265840962125
9.3925 1.0151937821879629 112.0754352898941
9.3975 0.9628229859303726 112.24896786932328
9.4025 1.0391510912385487 112.43645665051157
9.4075 1.0216487278756265 112.62098366541015
9.4125 0.9997155101281231 112.80174115957638
9.4175 0.9877454063003256 112.98052414288279
9.4225 0.984220750560497 113.15885837372106
9.4275 1.0128653233051301 113.34257763417698
9.432500000000001 1.0095675428339401 113.5258930174116
9.4375 1.023063908817191 113.71185604020823
9.4425 1.020007792726815 113.89746006103034
9.4475 1.0068569754606012 114.08086519475857
9.4525 1.008253036324254 114.26471908095493
9.4575 0.9968621471725098 114.44668820678514
9.4625 0.9837757354961945 114.62645844552145
9.4675 0.9844541154160346 114.80654281098546
9.4725 0.9809645403866379 114.98617842398133
9.477500000000001 0.9772369804899492 115.16532040926225
9.4825 0.9955254027282122 115.34800753904148
9.4875 1.0047362660424197 115.53257942918685
9.4925 0.9753710999420346 115.71194579070185
9.4975 0.9623997162860887 115.88911326512297
9.5025 0.9886605926096904 116.07130676718721
9.5075 1.0012433501675815 116.25601328307306
9.512500000000001 1.01938813033912 116.4442649434572
9.5175 1.0195310720530872 116.6327409800754
9.5225 0.9879068773729711 116.81556273559505
9.5275 0.9948640434144921 116.99986537425957
9.5325 1.0049518408259184 117.1862322742775
9.5375 1.0038984322842754 117.37259917429546
9.5425 1.0018807782103842 117.55878657332615
9.5475 1.0251951496905936 117.74950637228504
9.5525 0.991109328151313 117.93407826243045
9.557500000000001 0.9761109664951606 118.11604738826063
9.5625 1.0171720497297758 118.30586968228326
9.5675 0.9983332689476819 118.49237120804165
9.5725 0.9927313062367972 118.67802010411057
9.5775 1.0199812539962718 118.86896427930353
9.5825 0.9932945184481337 119.05510680308743
9.5875 1.0252702594213947 119.24744211093162
9.5925 1.0268303222862778 119.44027104649076
9.5975 0.976346589138435 119.62381080595944
9.602500000000001 1.0173002855826287 119.81524860886735
9.6075 1.0093333533357725 120.00538502961766
9.6125 0.993529395762014 120.19273918506552
9.6175 1.0203102987780288 120.3853437443906
9.6225 1.0325489345544763 120.58046131753726
9.6275 1.0022974044814301 120.77005923532579
9.6325 0.9860901653967988 120.95678513731826
9.637500000000001 0.9836468217556802 121.14324178782982
9.6425 1.0036748163498814 121.33369233530786
9.6475 1.022243288236688 121.5278675282714
9.6525 1.0157564509116452 121.72101059055825
9.6575 0.9977303252819851 121.9109226350745
9.6625 1.0263728588799195 122.10648896068929
9.6675 1.0140184470799873 122.29990127445701
9.6725 0.9960483553350568 122.49008257045413
9.6775 0.9990107270586823 122.68102674564712
9.682500000000001 1.0075954751191936 122.87381080595944
9.6875 1.0030411350661985 123.06592173756955
9.6925 0.997793477003893 123.25722491473704
9.6975 1.0241214940731937 123.45377849578173
9.7025 1.0176939770976208 123.6492999461497
9.7075 1.0182792421502644 123.84513552324539
9.7125 0.9978841198913355 124.0372464548555
9.7175 1.0189788314043355 124.23362053491294
9.7225 0.9958324440570003 124.42573146652308
9.727500000000001 1.018046749157868 124.62232992281457
9.7325 1.0190902409407783 124.81933225632741
9.7375 1.0036661055282639 125.01355232453778
9.7425 1.0139876487372386 125.20997127984205
9.7475 0.9898051515239149 125.40190271046491
9.7525 0.9998875045745155 125.59598815293485
9.7575 1.0136438930926743 125.79294561120085
9.762500000000001 1.022757292549223 125.99187758032669
9.7675 1.0005064513537263 126.18668102674565
9.7725 1.0142184387181066 126.38435648896069
9.7775 1.0129513985105354 126.58198707592892
9.7825 1.0077802929868145 126.77880990845449
9.7875 1.0033078349148579 126.97495961227787
9.7925 0.9933407108597976 127.1693591814755
9.7975 0.9996573073808137 127.36519475857116
9.8025 1.0016126296138994 127.56161371387543
9.807500000000001 0.9935049511457319 127.75664153652846
9.8125 1.0050530282419954 127.95413749775624
9.8175 1.0168052071277 128.1541464728056
9.8225 0.9979937411226758 128.3506551786035
9.8275 0.9883269278680498 128.54545862502243
9.8325 0.9841378439853912 128.739633817986
9.8375 0.9990424045358841 128.93695027822653
9.8425 0.9903103397600452 129.1327409800754
9.8475 1.0106193344217091 129.33274995512474
9.852500000000001 1.0034778406878966 129.53154729851013
9.8575 1.0137745630182509 129.73258840423622
9.8625 1.0003136384361395 129.93116137138753
9.8675 1.0013326244077292 130.13013821576018
9.8725 0.981819264817102 130.32543528989407
9.8775 1.0004330161803139 130.5246365105008
9.8825 1.0104530746963047 130.72603661820142
9.887500000000001 0.9916628716774509 130.9238915814037
9.8925 1.0120062892886816 131.1260096930533
9.8975 0.9669891949220502 131.3193322563274
9.9025 0.9734127518094497 131.5141357027464
9.9075 1.0040160091930148 131.71526655896608
9.9125 0.9938282099732465 131.9145575300664
9.9175 1.0062399185628224 132.1165410159756
9.9225 1.0123727610598579 132.3199605097828
9.9275 1.008229725341541 132.52275175013463
9.932500000000001 1.001642787696335 132.7244211093161
9.9375 0.9941779520272965 132.92478908633998
9.9425 1.0232071823799902 133.13121522168373
9.9475 0.9932911708525904 133.33180757494165
9.9525 1.0076106702631402 133.53549632022978
9.9575 1.0077078465066966 133.73940944175195
9.9625 1.0321741761687364 133.94848321665768
9.9675 0.9811201388771889 134.14741518578353
9.9725 0.99716126438706 134.34980254891403
9.977500000000001 1.039896050955199 134.56107521091366
9.9825 1.017892148811567 134.76808472446598
9.9875 0.9968135229781705 134.97101059055825
9.9925 1.0041844143351242 135.17564171602942
9.9975 1.0223198528137516 135.38417698797343
10.0025 0.997562259843332 135.58786573326154
