1 5.811152935028076
2 6.899177074432373
3 6.831584930419922
4 6.712275505065918
5 6.745573043823242
6 6.822721004486084
7 6.649008750915527
8 6.4761176109313965
9 6.737204074859619
10 6.772431373596191
11 6.774627208709717
12 6.9668684005737305
13 7.04014253616333
14 6.9249587059021
15 6.912790775299072
16 7.091510772705078
17 7.015854835510254
18 6.952688217163086
19 7.036522388458252
20 7.059460163116455
21 7.031381607055664
22 7.217464923858643
23 7.156153202056885
24 7.155439376831055
25 7.3023681640625
26 7.267303466796875
27 7.420510768890381
28 7.6570000648498535
29 7.5395426750183105
30 7.528623580932617
31 7.5647149085998535
32 7.613348007202148
33 7.630017280578613
34 7.4758405685424805
35 7.339604377746582
36 7.397747039794922
37 7.131441593170166
38 6.898936748504639
39 7.099400997161865
40 7.071556091308594
41 8.353139877319336
42 8.371389389038086
43 8.459484100341797
44 9.922969818115234
45 8.823019027709961
46 8.796507835388184
47 10.43487548828125
48 11.045140266418457
49 11.471776962280273
50 9.606819152832031
51 11.658411979675293
52 11.321196556091309
53 7.690989017486572
54 11.429695129394531
55 12.01708984375
56 11.087447166442871
57 10.995382308959961
58 11.616369247436523
59 11.632476806640625
60 11.956056594848633
61 10.548998832702637
62 11.745715141296387
63 10.65214729309082
64 7.277270317077637
65 7.303079128265381
66 7.588576793670654
67 7.439824104309082
68 7.775605201721191
69 7.840183734893799
70 7.944299697875977
71 7.938548564910889
72 7.650772571563721
73 8.252507209777832
74 8.058598518371582
75 10.886219024658203
76 11.27292251586914
77 11.3827543258667
78 10.72546672821045
79 12.049932479858398
80 12.96274471282959
81 13.617029190063477
82 12.36959171295166
83 13.52066421508789
84 13.527438163757324
85 12.745390892028809
86 12.282418251037598
87 13.18900203704834
88 13.711606979370117
89 14.110759735107422
90 13.974096298217773
91 14.569897651672363
92 14.482624053955078
93 14.310491561889648
94 14.8861722946167
95 14.82009506225586
96 14.920647621154785
97 15.769513130187988
98 14.904711723327637
99 14.297076225280762
100 14.679594993591309
101 14.09450626373291
102 14.66552734375
103 15.664970397949219
104 16.54436683654785
105 16.85130500793457
106 17.023496627807617
107 16.621179580688477
108 16.573726654052734
109 16.614200592041016
110 16.647090911865234
111 16.75694465637207
112 16.19137191772461
113 16.040769577026367
114 16.160913467407227
115 15.741907119750977
116 16.03457260131836
117 16.01631736755371
118 15.54928970336914
119 15.742925643920898
120 16.114398956298828
121 16.225379943847656
122 16.18962287902832
123 16.006885528564453
124 16.913846969604492
125 16.970218658447266
126 17.68987464904785
127 17.458404541015625
128 17.557334899902344
129 17.092296600341797
130 17.549583435058594
131 17.259544372558594
132 16.317628860473633
133 15.20391845703125
134 15.438941955566406
135 14.873046875
136 13.436656951904297
137 14.108497619628906
138 13.358975410461426
139 13.881197929382324
140 14.497599601745605
141 14.245962142944336
142 13.8679780960083
143 14.363374710083008
144 13.801007270812988
145 15.102581024169922
146 15.304567337036133
147 15.335708618164063
148 15.203773498535156
149 14.832160949707031
150 15.009425163269043
151 14.930899620056152
152 14.921333312988281
153 14.920697212219238
154 15.144763946533203
155 14.799296379089355
156 14.20632266998291
157 14.105709075927734
158 14.198537826538086
159 14.466651916503906
160 14.714872360229492
161 14.463955879211426
162 14.661266326904297
163 14.709098815917969
164 14.625730514526367
165 13.79649543762207
166 13.62321949005127
167 13.632205963134766
168 13.595879554748535
169 13.726943969726563
170 14.837456703186035
171 14.768484115600586
172 15.347663879394531
173 15.745171546936035
174 15.303619384765625
175 15.535157203674316
176 15.469192504882813
177 15.50235652923584
178 15.049285888671875
179 14.898385047912598
180 13.95590877532959
181 10.65932559967041
182 14.078207015991211
183 13.479836463928223
184 14.089776992797852
185 15.284337043762207
186 16.09819984436035
187 15.577696800231934
188 15.030224800109863
189 14.906713485717773
190 14.689800262451172
191 14.565524101257324
192 11.824978828430176
193 10.828584671020508
194 10.251266479492188
195 11.877400398254395
196 11.545961380004883
197 11.984267234802246
198 12.558014869689941
199 11.561683654785156
200 11.03567886352539
201 9.987168312072754
202 7.1498494148254395
203 6.822303771972656
204 6.705030918121338
205 6.91711950302124
206 9.644341468811035
207 9.210420608520508
208 9.68757438659668
209 10.286225318908691
210 7.150100231170654
211 7.1604695320129395
212 7.558349609375
213 7.45632791519165
214 7.482297420501709
215 7.548879146575928
216 7.383847236633301
217 7.095073223114014
218 7.476010799407959
219 7.48119592666626
220 6.887073040008545
221 7.7495927810668945
222 7.733597278594971
223 7.390069961547852
224 7.424210071563721
225 9.271378517150879
226 9.876043319702148
227 9.936844825744629
228 10.092833518981934
229 10.98745059967041
230 11.389015197753906
231 10.000017166137695
232 8.44369888305664
233 8.390971183776855
234 9.190935134887695
235 9.157364845275879
236 10.853363990783691
237 11.001598358154297
238 10.561680793762207
239 8.51547908782959
240 7.227737903594971
241 7.441450119018555
242 10.049639701843262
243 7.618409633636475
244 7.412470817565918
245 10.1044921875
246 7.538071155548096
247 8.522665023803711
248 7.3494768142700195
249 7.462791919708252
250 9.909746170043945
251 9.875567436218262
252 9.77571964263916
253 7.307157516479492
254 9.825722694396973
255 10.285892486572266
256 9.144392967224121
257 10.549590110778809
258 9.848158836364746
259 10.445671081542969
260 10.893616676330566
261 10.518867492675781
262 10.48643684387207
263 10.418935775756836
264 10.438063621520996
265 10.26024055480957
266 10.846348762512207
267 10.175918579101563
268 10.221611022949219
269 10.865833282470703
270 10.345976829528809
271 9.796135902404785
272 8.389159202575684
273 7.500051021575928
274 8.671841621398926
275 8.627145767211914
276 8.445598602294922
277 9.126145362854004
278 7.225156307220459
279 8.494792938232422
280 9.149491310119629
281 7.147218704223633
282 7.262315273284912
283 7.315666675567627
284 7.436674118041992
285 7.168584823608398
286 7.079228401184082
287 6.972563743591309
288 6.984709739685059
289 6.9010491371154785
290 6.9054856300354
291 6.939627647399902
292 6.88126802444458
293 6.993800640106201
294 6.82790470123291
295 6.602011680603027
296 6.93295955657959
297 6.852017402648926
298 8.194684028625488
299 7.142893314361572
300 8.234268188476563
301 7.023263454437256
302 7.246023654937744
303 7.002504825592041
304 7.354115962982178
305 7.346053600311279
306 7.249460220336914
307 7.23162841796875
308 7.222611904144287
309 8.506678581237793
310 7.1627326011657715
311 7.050464153289795
312 7.398280620574951
313 7.181591987609863
314 7.142821311950684
315 7.197670936584473
316 7.215761184692383
317 7.449209213256836
318 7.319872856140137
319 7.276622295379639
320 7.072340965270996
321 6.9940996170043945
322 6.877828598022461
323 7.0712995529174805
324 7.334621906280518
325 7.406123161315918
326 7.158147811889648
327 6.976358890533447
328 7.220643043518066
329 7.019608020782471
330 6.8312506675720215
331 7.051615238189697
332 6.878692626953125
333 7.258670330047607
334 7.4080352783203125
335 7.543062210083008
336 9.144952774047852
337 10.040709495544434
338 7.432145118713379
339 10.546030044555664
340 10.468391418457031
341 10.302818298339844
342 10.663948059082031
343 10.719098091125488
344 11.305770874023438
345 12.176403999328613
346 7.6125993728637695
347 11.271502494812012
348 10.226814270019531
349 10.27346420288086
350 11.923285484313965
351 11.437235832214355
352 11.516733169555664
353 11.579594612121582
354 12.1578950881958
355 12.322287559509277
356 11.037635803222656
357 12.167263984680176
358 12.280462265014648
359 14.030414581298828
360 14.844659805297852
361 15.1292142868042
362 15.665143966674805
363 15.233853340148926
364 13.862832069396973
365 12.604541778564453
366 12.71435832977295
367 11.558249473571777
368 10.006711959838867
369 12.538804054260254
370 11.568337440490723
371 12.414556503295898
372 10.674697875976563
373 11.87952709197998
374 10.258370399475098
375 13.850872039794922
376 14.76317024230957
377 15.093425750732422
378 15.19654655456543
379 15.826946258544922
380 15.27411937713623
381 15.553850173950195
382 15.48355484008789
383 15.758227348327637
384 15.558027267456055
385 15.334875106811523
386 14.841328620910645
387 15.297508239746094
388 14.246980667114258
389 14.652178764343262
390 10.387628555297852
391 12.136736869812012
392 13.078930854797363
393 14.277630805969238
394 14.196590423583984
395 14.811680793762207
396 14.758552551269531
397 14.74643611907959
398 14.813602447509766
399 14.833062171936035
400 14.787525177001953
401 14.68298625946045
402 14.983663558959961
403 14.78232192993164
404 14.813263893127441
405 14.808197975158691
406 14.949729919433594
407 14.610069274902344
408 14.94741439819336
409 14.739749908447266
410 15.248004913330078
411 15.003435134887695
412 15.49509048461914
413 15.222697257995605
414 16.085338592529297
415 16.349836349487305
416 16.10869789123535
417 14.833806037902832
418 16.346033096313477
419 15.61037540435791
420 14.746329307556152
421 15.3145170211792
422 14.674164772033691
423 14.795995712280273
424 15.01790714263916
425 15.123769760131836
426 13.836173057556152
427 12.423072814941406
428 13.230985641479492
429 11.307616233825684
430 8.568163871765137
431 8.63737964630127
432 9.128543853759766
433 8.70397663116455
434 8.734051704406738
435 8.950475692749023
436 8.551675796508789
437 8.179447174072266
438 8.269293785095215
439 7.640933513641357
440 7.941651821136475
441 7.548386573791504
442 7.729202747344971
443 8.049522399902344
444 8.231598854064941
445 8.354275703430176
446 8.251754760742188
447 8.164512634277344
448 8.546509742736816
449 8.750539779663086
450 8.376779556274414
451 8.699186325073242
452 8.771604537963867
453 8.77558422088623
454 8.952720642089844
455 8.889986991882324
456 9.11031436920166
457 9.063467025756836
458 9.464086532592773
459 9.558067321777344
460 9.35939884185791
461 9.385705947875977
462 9.40237045288086
463 9.531530380249023
464 9.612167358398438
465 9.196927070617676
466 9.012694358825684
467 9.629940032958984
468 9.312721252441406
469 9.527989387512207
470 9.272188186645508
471 9.418671607971191
472 9.52027416229248
473 9.43213176727295
474 9.619902610778809
475 10.643366813659668
476 9.625283241271973
477 9.441807746887207
478 9.578078269958496
479 9.583971977233887
480 9.774868965148926
481 9.748004913330078
482 11.337335586547852
483 10.619647026062012
484 11.984808921813965
485 10.809109687805176
486 9.723275184631348
487 9.949605941772461
488 10.001702308654785
489 9.575631141662598
490 9.857234001159668
491 9.632946968078613
492 9.712540626525879
493 9.112343788146973
494 9.627878189086914
495 9.159574508666992
496 9.191468238830566
497 9.412867546081543
498 9.608802795410156
499 9.490005493164063
500 9.62901782989502
501 9.573493957519531
502 9.370828628540039
503 9.406753540039063
504 10.623624801635742
505 9.60562515258789
506 10.544220924377441
507 11.129409790039063
508 10.434717178344727
509 11.135357856750488
510 9.541800498962402
511 11.200289726257324
512 10.756304740905762
513 9.757623672485352
514 10.30817985534668
515 10.333279609680176
516 9.228414535522461
517 9.223379135131836
518 9.03267765045166
519 9.67264175415039
520 9.52086353302002
521 8.857159614562988
522 9.382718086242676
523 8.991486549377441
524 8.716081619262695
525 8.799583435058594
526 8.381260871887207
527 8.51485824584961
528 8.537925720214844
529 8.450033187866211
530 8.462934494018555
531 8.7976655960083
532 8.858696937561035
533 9.026498794555664
534 9.43612003326416
535 9.197629928588867
536 9.26161003112793
537 9.444465637207031
538 9.476221084594727
539 9.85371208190918
540 10.02681827545166
541 12.394375801086426
542 12.371950149536133
543 12.10285758972168
544 13.184399604797363
545 14.392931938171387
546 14.518649101257324
547 13.948185920715332
548 13.695262908935547
549 14.761760711669922
550 15.209985733032227
551 15.710881233215332
552 14.991878509521484
553 15.194119453430176
554 15.705436706542969
555 16.20097541809082
556 16.672571182250977
557 16.61962127685547
558 16.520158767700195
559 16.094879150390625
560 16.281036376953125
561 15.71672534942627
562 18.77328872680664
563 17.39069175720215
564 16.421667098999023
565 16.840829849243164
566 16.926904678344727
567 16.612821578979492
568 15.980695724487305
569 16.119035720825195
570 16.196950912475586
571 14.424518585205078
572 14.40672779083252
573 14.536962509155273
574 14.507401466369629
575 14.411792755126953
576 14.566861152648926
577 14.855884552001953
578 14.431288719177246
579 14.409141540527344
580 14.740221977233887
581 15.108905792236328
582 14.437081336975098
583 14.187259674072266
584 14.10775375366211
585 13.866889953613281
586 14.19469165802002
587 13.865925788879395
588 14.201738357543945
589 14.217967987060547
590 14.36418342590332
591 15.119089126586914
592 14.695298194885254
593 14.518674850463867
594 14.713720321655273
595 15.160512924194336
596 15.57828426361084
597 15.36413860321045
598 15.283551216125488
599 15.243097305297852
600 14.957640647888184
601 14.953707695007324
602 15.158618927001953
603 14.798874855041504
604 14.75035285949707
605 15.154024124145508
606 14.909076690673828
607 15.302053451538086
608 14.969026565551758
609 15.003609657287598
610 15.114812850952148
611 15.010648727416992
612 15.304673194885254
613 15.332880973815918
614 16.22362518310547
615 16.217243194580078
616 17.048267364501953
617 16.903146743774414
618 17.019054412841797
619 17.717323303222656
620 17.265636444091797
621 18.230430603027344
622 18.383760452270508
623 18.435150146484375
624 18.754411697387695
625 19.18084144592285
626 19.696428298950195
627 19.58639907836914
628 19.316381454467773
629 19.200603485107422
630 19.05916976928711
631 19.74120330810547
632 19.19207763671875
633 19.008386611938477
634 19.38719367980957
635 19.307886123657227
636 19.588167190551758
637 19.86298942565918
638 19.844560623168945
639 19.617082595825195
640 19.34001350402832
641 18.897825241088867
642 19.398136138916016
643 19.568687438964844
644 18.944631576538086
645 18.89986228942871
646 18.931644439697266
647 19.286664962768555
648 19.68090057373047
649 20.188486099243164
650 20.197040557861328
651 20.653873443603516
652 21.123292922973633
653 22.209814071655273
654 21.570329666137695
655 22.420711517333984
656 22.669506072998047
657 21.798315048217773
658 20.162124633789063
659 19.870275497436523
660 19.33101463317871
661 19.117971420288086
662 19.35927963256836
663 19.590145111083984
664 20.367237091064453
665 20.7695369720459
666 20.490720748901367
667 20.62847900390625
668 20.472753524780273
669 19.900386810302734
670 19.267154693603516
671 18.318782806396484
672 18.54484748840332
673 17.710296630859375
674 17.315073013305664
675 17.326732635498047
676 16.331340789794922
677 16.65678596496582
678 15.752324104309082
679 15.533203125
680 14.831033706665039
681 12.273683547973633
682 14.997298240661621
683 13.951948165893555
684 14.11839771270752
685 14.96745491027832
686 16.337064743041992
687 17.693342208862305
688 17.606428146362305
689 18.272085189819336
690 18.590333938598633
691 17.524446487426758
692 17.651229858398438
693 17.33241081237793
694 18.29253387451172
695 17.27714729309082
696 17.136920928955078
697 16.328025817871094
698 17.904571533203125
699 17.591449737548828
700 17.886503219604492
701 16.493064880371094
702 16.2880802154541
703 16.991365432739258
704 16.070556640625
705 16.963642120361328
706 16.94482421875
707 17.015562057495117
708 17.747833251953125
709 18.459964752197266
710 18.723461151123047
711 19.511194229125977
712 20.752695083618164
713 21.643014907836914
714 21.27617073059082
715 21.55531120300293
716 20.002866744995117
717 18.88572883605957
718 17.926815032958984
719 17.830881118774414
720 18.999040603637695
721 20.582693099975586
722 21.087596893310547
723 22.133882522583008
724 21.83149528503418
725 21.71209144592285
726 21.740402221679688
727 21.619251251220703
728 21.342626571655273
729 22.623865127563477
730 22.983434677124023
731 22.830324172973633
732 21.896610260009766
733 21.8745059967041
734 20.71394920349121
735 22.909198760986328
736 23.482810974121094
737 23.70795440673828
738 24.553821563720703
739 24.334089279174805
740 24.647661209106445
741 24.424055099487305
742 24.395286560058594
743 24.80513572692871
744 24.716941833496094
745 24.61087989807129
746 24.503633499145508
747 24.999460220336914
748 23.55307960510254
749 23.718111038208008
750 22.93878746032715
751 22.752113342285156
752 24.611682891845703
753 22.666093826293945
754 24.175573348999023
755 24.25240135192871
756 25.09920310974121
757 25.40147590637207
758 24.34044075012207
759 24.707929611206055
760 24.381845474243164
761 24.150461196899414
762 25.029747009277344
763 24.840538024902344
764 23.50897789001465
765 23.045631408691406
766 23.624603271484375
767 23.24925994873047
768 23.29176139831543
769 21.659414291381836
770 20.48002815246582
771 21.287206649780273
772 22.54368782043457
773 22.83043098449707
774 22.950485229492188
775 23.63090705871582
776 23.312755584716797
777 22.72860336303711
778 22.612255096435547
779 23.311296463012695
780 24.320486068725586
781 24.06934928894043
782 23.823556900024414
783 24.322555541992188
784 23.576553344726563
785 22.46006965637207
786 22.085412979125977
787 21.89287567138672
788 21.21116065979004
789 20.259231567382813
790 20.07547950744629
791 20.315793991088867
792 20.03550910949707
793 20.475147247314453
794 19.96905517578125
795 20.509613037109375
796 20.81767463684082
797 20.968730926513672
798 19.554296493530273
799 19.01922035217285
800 19.319196701049805
801 19.456615447998047
802 19.658437728881836
803 20.334150314331055
804 20.427335739135742
805 20.033884048461914
806 20.359010696411133
807 20.203096389770508
808 19.45699691772461
809 20.062414169311523
810 20.071369171142578
811 20.995349884033203
812 22.004194259643555
813 21.987062454223633
814 21.44605827331543
815 21.987329483032227
816 22.175676345825195
817 23.877573013305664
818 25.580623626708984
819 24.409461975097656
820 24.169870376586914
821 24.275415420532227
822 24.95576286315918
823 24.33146095275879
824 23.85523223876953
825 23.858186721801758
826 23.621700286865234
827 24.45162010192871
828 24.87564468383789
829 24.514570236206055
830 24.879405975341797
831 25.04252815246582
832 25.29916000366211
833 24.955169677734375
834 25.33521842956543
835 25.334936141967773
836 24.822046279907227
837 24.19384002685547
838 23.657638549804688
839 23.158605575561523
840 23.8538875579834
841 23.62466049194336
842 22.81987190246582
843 24.047487258911133
844 25.416284561157227
845 25.32953643798828
846 25.62164306640625
847 25.929851531982422
848 25.779491424560547
849 25.647064208984375
850 26.068904876708984
851 26.04803466796875
852 25.74369239807129
853 24.37346649169922
854 24.285194396972656
855 23.312427520751953
856 22.891979217529297
857 22.12668800354004
858 22.10498809814453
859 21.194936752319336
860 22.715999603271484
861 21.26118278503418
862 22.050674438476563
863 21.2525634765625
864 21.338829040527344
865 21.402389526367188
866 21.69546127319336
867 22.252288818359375
868 22.378170013427734
869 21.862924575805664
870 21.612815856933594
871 21.06389808654785
872 20.918622970581055
873 20.888004302978516
874 20.864559173583984
875 20.27047348022461
876 21.142274856567383
877 21.252975463867188
878 21.33688735961914
879 21.575342178344727
880 21.479934692382813
881 20.554157257080078
882 20.203571319580078
883 20.424116134643555
884 20.100595474243164
885 21.04807472229004
886 21.045879364013672
887 21.622846603393555
888 20.719070434570313
889 20.89630889892578
890 20.28911018371582
891 20.51337242126465
892 19.67070770263672
893 20.627790451049805
894 20.39142608642578
895 19.64786148071289
896 19.679227828979492
897 19.24861717224121
898 19.536701202392578
899 19.487001419067383
900 18.790390014648438
901 18.945547103881836
902 19.021221160888672
903 19.69382095336914
904 18.75754165649414
905 17.99593734741211
906 18.837427139282227
907 18.688762664794922
908 18.920249938964844
909 18.614877700805664
910 19.72091293334961
911 20.757495880126953
912 20.510730743408203
913 19.820343017578125
914 19.45270347595215
915 20.466461181640625
916 20.745515823364258
917 20.67179298400879
918 20.490041732788086
919 19.707321166992188
920 18.292802810668945
921 18.171972274780273
922 18.08308982849121
923 17.67976188659668
924 17.443092346191406
925 16.54743766784668
926 16.688379287719727
927 15.352652549743652
928 13.903607368469238
929 14.86248779296875
930 13.862601280212402
931 14.278090476989746
932 14.50057601928711
933 14.122673034667969
934 13.825971603393555
935 13.431951522827148
936 13.563437461853027
937 13.942766189575195
938 13.778495788574219
939 13.75670051574707
940 13.83997917175293
941 13.6913480758667
942 13.390156745910645
943 13.469079971313477
944 13.330738067626953
945 13.347858428955078
946 13.465343475341797
947 13.399544715881348
948 13.483349800109863
949 13.27304744720459
950 13.183194160461426
951 13.55076789855957
952 13.425357818603516
953 13.580299377441406
954 13.245561599731445
955 13.303674697875977
956 12.901369094848633
957 12.982221603393555
958 13.027846336364746
959 12.953639030456543
960 12.825343132019043
961 12.554548263549805
962 12.585107803344727
963 12.302062034606934
964 12.612129211425781
965 12.329126358032227
966 12.447678565979004
967 13.064477920532227
968 13.003389358520508
969 12.815370559692383
970 12.575669288635254
971 12.935319900512695
972 12.25557804107666
973 12.178875923156738
974 12.496283531188965
975 12.355110168457031
976 12.324658393859863
977 12.262243270874023
978 11.972567558288574
979 12.267779350280762
980 12.246403694152832
981 12.272004127502441
982 12.254343032836914
983 12.230338096618652
984 12.272815704345703
985 12.302480697631836
986 12.511359214782715
987 12.588034629821777
988 12.663285255432129
989 15.021506309509277
990 15.817315101623535
991 16.1795711517334
992 17.92797088623047
993 16.954391479492188
994 16.489389419555664
995 17.301374435424805
996 17.184682846069336
997 15.3678560256958
998 14.75652027130127
999 13.905608177185059
1000 14.095112800598145
1001 16.359983444213867
1002 16.263519287109375
1003 15.874536514282227
1004 17.261768341064453
1005 17.553482055664063
1006 15.300668716430664
1007 14.983325004577637
1008 14.887893676757813
1009 14.90990161895752
1010 14.833183288574219
1011 14.60239028930664
1012 14.431995391845703
1013 15.530083656311035
1014 15.557963371276855
1015 16.91775894165039
1016 17.43572998046875
1017 17.559541702270508
1018 15.382406234741211
1019 15.350213050842285
1020 16.352676391601563
1021 14.497925758361816
1022 14.650504112243652
1023 15.513349533081055
1024 15.675911903381348
1025 15.554250717163086
1026 14.6326322555542
1027 15.994963645935059
1028 15.444876670837402
1029 15.90615177154541
1030 16.84123420715332
1031 15.936567306518555
1032 17.268394470214844
1033 16.475013732910156
1034 18.139347076416016
1035 17.059356689453125
1036 16.562440872192383
1037 16.552101135253906
1038 16.447328567504883
1039 16.883708953857422
1040 16.32167625427246
1041 15.415495872497559
1042 16.760019302368164
1043 15.645116806030273
1044 16.303436279296875
1045 14.00637435913086
1046 13.518360137939453
1047 13.15776252746582
1048 13.056550979614258
1049 13.075244903564453
1050 13.289947509765625
1051 13.042365074157715
1052 12.985750198364258
1053 13.33638858795166
1054 13.31927490234375
1055 17.948509216308594
1056 18.982240676879883
1057 18.16848373413086
1058 18.20511817932129
1059 14.094456672668457
1060 13.216780662536621
1061 13.110893249511719
1062 13.391777992248535
1063 13.63142204284668
1064 13.402816772460938
1065 13.515751838684082
1066 13.66894245147705
1067 13.783556938171387
1068 13.643817901611328
1069 13.716506004333496
1070 13.92593765258789
1071 13.663268089294434
1072 13.679313659667969
1073 13.409799575805664
1074 13.444329261779785
1075 13.45486068725586
1076 13.765409469604492
1077 14.075422286987305
1078 14.06482982635498
1079 14.229886054992676
1080 14.303619384765625
1081 14.267660140991211
1082 13.80449390411377
1083 13.841591835021973
1084 13.753252029418945
1085 13.304147720336914
1086 12.767474174499512
1087 13.490866661071777
1088 13.499881744384766
1089 12.982208251953125
1090 12.764286041259766
1091 13.241297721862793
1092 13.740264892578125
1093 13.555834770202637
1094 13.572139739990234
1095 13.699188232421875
1096 13.78028392791748
1097 13.88064956665039
1098 14.275885581970215
1099 13.681390762329102
1100 14.056323051452637
1101 14.189401626586914
1102 14.161247253417969
1103 14.324915885925293
1104 14.524260520935059
1105 14.484166145324707
1106 14.524173736572266
1107 14.300886154174805
1108 14.248839378356934
1109 13.770395278930664
1110 13.726719856262207
1111 14.164807319641113
1112 13.951774597167969
1113 14.159472465515137
1114 13.852442741394043
1115 13.89867877960205
1116 14.315359115600586
1117 14.685933113098145
1118 14.700326919555664
1119 14.912338256835938
1120 15.316798210144043
1121 15.06942081451416
1122 15.246788024902344
1123 15.106515884399414
1124 15.107866287231445
1125 15.291260719299316
1126 15.094021797180176
1127 15.141899108886719
1128 15.000553131103516
1129 14.703069686889648
1130 14.633758544921875
1131 14.349701881408691
1132 14.221199035644531
1133 14.037224769592285
1134 13.856451034545898
1135 13.82044792175293
1136 13.809049606323242
1137 13.61699104309082
1138 13.394661903381348
1139 13.463573455810547
1140 13.523789405822754
1141 13.457672119140625
1142 13.05034351348877
1143 13.191473960876465
1144 13.346343994140625
1145 13.2304048538208
1146 13.049211502075195
1147 13.160611152648926
1148 13.148123741149902
1149 13.195596694946289
1150 13.004956245422363
1151 13.004523277282715
1152 13.245450019836426
1153 12.894927978515625
1154 13.128426551818848
1155 13.034706115722656
1156 12.888587951660156
1157 13.323938369750977
1158 13.445939064025879
1159 13.610321044921875
1160 13.339798927307129
1161 13.338706970214844
1162 13.460301399230957
1163 13.645186424255371
1164 13.377657890319824
1165 13.434956550598145
1166 13.641348838806152
1167 13.656939506530762
1168 14.135519981384277
1169 14.084197044372559
1170 14.080804824829102
1171 13.866238594055176
1172 14.28884220123291
1173 14.778054237365723
1174 14.980730056762695
1175 14.71822452545166
1176 14.634539604187012
1177 15.093823432922363
1178 14.795243263244629
1179 14.926652908325195
1180 15.40749454498291
1181 15.275279998779297
1182 15.154021263122559
1183 15.399551391601563
1184 14.992966651916504
1185 14.760833740234375
1186 14.542008399963379
1187 14.503257751464844
1188 14.273921966552734
1189 14.090417861938477
1190 14.07996940612793
1191 14.083900451660156
1192 14.812477111816406
1193 13.604911804199219
1194 13.968713760375977
1195 13.461751937866211
1196 12.779656410217285
1197 12.613308906555176
1198 12.466049194335938
1199 13.109152793884277
1200 12.974339485168457
1201 13.492239952087402
1202 13.645035743713379
1203 14.001958847045898
1204 14.109975814819336
1205 13.585780143737793
1206 12.61747932434082
1207 13.273514747619629
1208 11.839747428894043
1209 12.295980453491211
1210 9.287943840026855
1211 11.273218154907227
1212 11.900888442993164
1213 11.28109359741211
1214 7.425663948059082
1215 12.917159080505371
1216 11.008136749267578
1217 11.892058372497559
1218 12.024307250976563
1219 12.152731895446777
1220 12.362956047058105
1221 12.241357803344727
1222 12.673896789550781
1223 11.433823585510254
1224 12.039346694946289
1225 9.88882064819336
1226 11.256274223327637
1227 11.969229698181152
1228 11.424840927124023
1229 12.274102210998535
1230 12.058134078979492
1231 11.554525375366211
1232 10.186163902282715
1233 11.165589332580566
1234 11.213618278503418
1235 11.18448257446289
1236 7.366397380828857
1237 7.470761775970459
1238 7.508819580078125
1239 7.813479900360107
1240 7.699252605438232
1241 7.550586700439453
1242 7.442632675170898
1243 7.293666839599609
1244 7.555487155914307
1245 7.27817440032959
1246 8.739155769348145
1247 9.872964859008789
1248 11.139245986938477
1249 11.101326942443848
1250 11.266376495361328
1251 11.404889106750488
1252 12.13021469116211
1253 11.678237915039063
1254 12.108915328979492
1255 12.232818603515625
1256 12.509488105773926
1257 12.733631134033203
1258 12.517406463623047
1259 12.654271125793457
1260 12.741229057312012
1261 12.531367301940918
1262 11.904122352600098
1263 10.548468589782715
1264 10.293539047241211
1265 6.676162242889404
1266 7.404210567474365
1267 7.885077953338623
1268 7.848283290863037
1269 10.419422149658203
1270 8.083440780639648
1271 8.441719055175781
1272 8.481492042541504
1273 8.006322860717773
1274 8.389965057373047
1275 8.504859924316406
1276 8.532770156860352
1277 8.498611450195313
1278 8.810079574584961
1279 8.633186340332031
1280 8.425426483154297
1281 8.114019393920898
1282 8.435611724853516
1283 8.048188209533691
1284 8.069914817810059
1285 7.658082962036133
1286 7.809483051300049
1287 7.042939186096191
1288 7.0857415199279785
1289 7.326979637145996
1290 8.266324043273926
1291 7.1801581382751465
1292 7.196975231170654
1293 6.959316730499268
1294 6.829329490661621
1295 6.6490864753723145
1296 6.726590156555176
1297 6.877514362335205
1298 7.116600513458252
1299 6.958567142486572
1300 6.985722541809082
1301 7.115062236785889
1302 7.312457084655762
1303 7.298347473144531
1304 8.022052764892578
1305 8.172127723693848
1306 7.431248188018799
1307 7.330427646636963
1308 7.290893077850342
1309 7.44334602355957
1310 7.708529949188232
1311 7.6291184425354
1312 8.089855194091797
1313 8.026644706726074
1314 7.5587382316589355
1315 7.611743450164795
1316 7.593739032745361
1317 7.255234241485596
1318 7.127817153930664
1319 7.417692184448242
1320 7.370710849761963
1321 7.3760457038879395
1322 7.323340892791748
1323 7.4002299308776855
1324 8.090479850769043
1325 8.346724510192871
1326 8.002962112426758
1327 7.624263763427734
1328 7.9852986335754395
1329 7.46051025390625
1330 7.535132884979248
1331 7.6070027351379395
1332 7.66656494140625
1333 7.014461040496826
1334 7.036121368408203
1335 7.134809970855713
1336 6.9469475746154785
1337 6.892498016357422
1338 7.106207847595215
1339 6.874024868011475
1340 7.08971643447876
1341 6.979056358337402
1342 6.967994689941406
1343 7.057509899139404
1344 6.873682498931885
1345 6.967892646789551
1346 8.196009635925293
1347 8.122485160827637
1348 8.552117347717285
1349 8.022042274475098
1350 7.493807792663574
1351 7.954061031341553
1352 7.7300615310668945
1353 7.807043552398682
1354 7.918859481811523
1355 7.959367752075195
1356 7.948375225067139
1357 9.510241508483887
1358 13.259320259094238
1359 14.416105270385742
1360 14.112078666687012
1361 14.731500625610352
1362 13.35076904296875
1363 12.360921859741211
1364 11.356729507446289
1365 12.075539588928223
1366 13.391997337341309
1367 13.543543815612793
1368 13.310243606567383
1369 13.437134742736816
1370 12.882061958312988
1371 13.868608474731445
1372 13.645962715148926
1373 13.287373542785645
1374 13.938385963439941
1375 12.07581901550293
1376 11.643009185791016
1377 11.694787979125977
1378 10.986715316772461
1379 10.378033638000488
1380 7.878243446350098
1381 8.28099536895752
1382 8.99548053741455
1383 11.293420791625977
1384 13.168789863586426
1385 13.484246253967285
1386 11.775288581848145
1387 12.22642707824707
1388 12.21774959564209
1389 12.409768104553223
1390 13.047447204589844
1391 13.074522018432617
1392 13.744752883911133
1393 13.949960708618164
1394 14.331267356872559
1395 14.505295753479004
1396 13.682561874389648
1397 13.954085350036621
1398 14.280325889587402
1399 14.15927505493164
1400 13.908456802368164
1401 13.634692192077637
1402 13.878660202026367
1403 14.184633255004883
1404 14.003133773803711
1405 13.721100807189941
1406 13.713329315185547
1407 13.443679809570313
1408 13.055301666259766
1409 13.564681053161621
1410 12.749435424804688
1411 12.452917098999023
1412 12.663089752197266
1413 12.79052448272705
1414 12.352094650268555
1415 12.767086029052734
1416 12.50199031829834
1417 12.685321807861328
1418 12.70201301574707
1419 12.637223243713379
1420 12.737275123596191
1421 13.002924919128418
1422 12.982336044311523
1423 12.88940143585205
1424 13.269837379455566
1425 12.854048728942871
1426 12.912242889404297
1427 12.99639892578125
1428 12.955148696899414
1429 12.93255615234375
1430 13.04321575164795
1431 12.937312126159668
1432 12.934342384338379
1433 13.111660957336426
1434 13.29843807220459
1435 13.353018760681152
1436 12.828559875488281
1437 12.845146179199219
1438 12.727794647216797
1439 12.935790061950684
1440 12.880095481872559
1441 12.613344192504883
1442 12.671004295349121
1443 12.920937538146973
1444 12.694498062133789
1445 12.451803207397461
1446 12.899306297302246
1447 12.513175010681152
1448 12.461479187011719
1449 12.6205415725708
1450 12.597112655639648
1451 12.66730785369873
1452 13.102317810058594
1453 13.023114204406738
1454 13.112820625305176
1455 13.343391418457031
1456 12.937539100646973
1457 12.690868377685547
1458 12.91734790802002
1459 12.859724044799805
1460 11.84089183807373
1461 7.94924783706665
1462 9.425374984741211
1463 10.601156234741211
1464 11.091690063476563
1465 11.314136505126953
1466 11.773691177368164
1467 12.414276123046875
1468 13.154006958007813
1469 12.49210262298584
1470 12.804497718811035
1471 11.537040710449219
1472 12.370686531066895
1473 12.349164009094238
1474 12.426324844360352
1475 12.612967491149902
1476 7.857717514038086
1477 10.498510360717773
1478 11.049235343933105
1479 10.318887710571289
1480 11.70260238647461
1481 10.332488059997559
1482 11.665698051452637
1483 12.824304580688477
1484 13.161892890930176
1485 14.857452392578125
1486 14.184515953063965
1487 15.589574813842773
1488 15.7987060546875
1489 15.709126472473145
1490 15.69946002960205
1491 15.473681449890137
1492 14.133018493652344
1493 15.06988525390625
1494 14.270153999328613
1495 14.436348915100098
1496 14.213123321533203
1497 13.795754432678223
1498 12.910501480102539
1499 13.452715873718262
1500 11.967693328857422
1501 10.712729454040527
1502 10.835481643676758
1503 12.231232643127441
1504 12.325139999389648
1505 11.136948585510254
1506 10.71624755859375
1507 11.71191692352295
1508 12.260934829711914
1509 12.66079044342041
1510 12.787813186645508
1511 11.358640670776367
1512 9.468221664428711
1513 12.185484886169434
1514 11.0122709274292
1515 9.840921401977539
1516 8.639995574951172
1517 7.235560894012451
1518 7.484184741973877
1519 8.444174766540527
1520 12.492264747619629
1521 10.15068244934082
1522 10.468000411987305
1523 8.187918663024902
1524 7.9052042961120605
1525 8.234424591064453
1526 8.92043685913086
1527 8.878817558288574
1528 8.842754364013672
1529 8.612983703613281
1530 8.588010787963867
1531 8.606722831726074
1532 9.271224975585938
1533 9.990440368652344
1534 10.20984172821045
1535 9.962242126464844
1536 10.76024341583252
1537 10.843631744384766
1538 9.599942207336426
1539 10.645369529724121
1540 9.642792701721191
1541 9.564103126525879
1542 9.994730949401855
1543 10.538799285888672
1544 10.637377738952637
1545 10.806171417236328
1546 10.731969833374023
1547 10.477084159851074
1548 10.59366512298584
1549 10.550113677978516
1550 10.2067289352417
1551 9.715511322021484
1552 10.404423713684082
1553 6.5460028648376465
1554 9.208885192871094
1555 10.448070526123047
1556 12.534214973449707
1557 12.522383689880371
1558 8.302969932556152
1559 8.24389934539795
1560 8.50048828125
1561 6.710343360900879
1562 6.832082271575928
1563 6.819307327270508
1564 6.7395243644714355
1565 8.519791603088379
1566 8.64345932006836
1567 8.377498626708984
1568 8.284828186035156
1569 6.534095287322998
1570 6.355888843536377
1571 6.22542142868042
1572 6.13498067855835
1573 6.243597030639648
1574 6.07504940032959
1575 6.063343524932861
1576 6.217950344085693
1577 6.042943477630615
1578 6.147463321685791
1579 6.185525417327881
1580 6.367677688598633
1581 6.2523369789123535
1582 6.161828517913818
1583 6.224213600158691
1584 6.366960525512695
1585 6.507847309112549
1586 11.743959426879883
1587 12.04275131225586
1588 11.716069221496582
1589 12.052013397216797
1590 11.794949531555176
1591 11.027454376220703
1592 11.816900253295898
1593 11.359572410583496
1594 11.908473014831543
1595 12.078661918640137
1596 11.787216186523438
1597 11.901918411254883
1598 12.060885429382324
1599 9.242095947265625
1600 6.296462059020996
1601 9.162006378173828
1602 10.172449111938477
1603 10.101262092590332
1604 12.321649551391602
1605 12.481366157531738
1606 12.065778732299805
1607 9.21153736114502
1608 12.630518913269043
1609 12.136024475097656
1610 9.196985244750977
1611 10.5723876953125
1612 12.460989952087402
1613 13.203415870666504
1614 12.817502975463867
1615 12.994815826416016
1616 13.492098808288574
1617 13.572565078735352
1618 13.492919921875
1619 13.172024726867676
1620 13.227307319641113
1621 13.965120315551758
1622 14.124479293823242
1623 14.258374214172363
1624 14.165085792541504
1625 14.205516815185547
1626 13.753262519836426
1627 13.513885498046875
1628 13.613718032836914
1629 13.663549423217773
1630 13.91408920288086
1631 14.188436508178711
1632 13.596341133117676
1633 13.771785736083984
1634 13.794120788574219
1635 13.997119903564453
1636 13.572998046875
1637 12.916145324707031
1638 12.73404598236084
1639 12.455767631530762
1640 13.39311408996582
1641 13.453521728515625
1642 13.226462364196777
1643 12.216259956359863
1644 13.599974632263184
1645 12.935651779174805
1646 13.360587120056152
1647 13.401508331298828
1648 13.260932922363281
1649 12.584087371826172
1650 13.368149757385254
1651 13.453499794006348
1652 12.947572708129883
1653 12.68120002746582
1654 12.343148231506348
1655 12.002227783203125
1656 12.159906387329102
1657 11.381628036499023
1658 11.729691505432129
1659 11.689420700073242
1660 11.666603088378906
1661 12.005600929260254
1662 12.668805122375488
1663 12.20769214630127
1664 11.75098991394043
1665 12.727752685546875
1666 13.086085319519043
1667 12.668960571289063
1668 12.399337768554688
1669 12.374512672424316
1670 11.939550399780273
1671 11.980027198791504
1672 12.250449180603027
1673 12.142129898071289
1674 11.940664291381836
1675 11.803999900817871
1676 12.265252113342285
1677 12.238492965698242
1678 12.198041915893555
1679 11.893671035766602
1680 11.852397918701172
1681 12.17590045928955
1682 11.853374481201172
1683 11.79468822479248
1684 11.558323860168457
1685 11.55418872833252
1686 11.190351486206055
1687 11.593191146850586
1688 11.679764747619629
1689 12.098217964172363
1690 12.598428726196289
1691 12.3375883102417
1692 12.015631675720215
1693 12.59710693359375
1694 12.273542404174805
1695 13.539871215820313
1696 14.074044227600098
1697 14.160791397094727
1698 14.247780799865723
1699 13.42426872253418
1700 13.625776290893555
1701 13.448272705078125
1702 13.265219688415527
1703 13.437676429748535
1704 13.223102569580078
1705 13.144502639770508
1706 13.17935562133789
1707 13.162156105041504
1708 13.208139419555664
1709 13.686994552612305
1710 13.425320625305176
1711 13.495462417602539
1712 13.3878173828125
1713 13.283981323242188
1714 14.729888916015625
1715 14.591127395629883
1716 14.698502540588379
1717 14.771987915039063
1718 14.58630084991455
1719 14.791521072387695
1720 14.449691772460938
1721 14.338767051696777
1722 14.04622745513916
1723 14.033527374267578
1724 14.043378829956055
1725 14.379302978515625
1726 14.376612663269043
1727 14.228830337524414
1728 14.338876724243164
1729 14.362895965576172
1730 12.941574096679688
1731 12.997309684753418
1732 12.844691276550293
1733 12.650069236755371
1734 12.751760482788086
1735 13.509476661682129
1736 12.696942329406738
1737 13.286917686462402
1738 13.35630989074707
1739 13.358290672302246
1740 13.61553955078125
1741 13.364954948425293
1742 12.92676067352295
1743 13.126801490783691
1744 13.27352237701416
1745 14.342307090759277
1746 15.115589141845703
1747 15.285297393798828
1748 15.261567115783691
1749 15.846869468688965
1750 15.629855155944824
1751 15.368147850036621
1752 15.300034523010254
1753 15.652905464172363
1754 15.888343811035156
1755 15.35801887512207
1756 15.453022956848145
1757 14.602018356323242
1758 14.266260147094727
1759 14.107684135437012
1760 14.270732879638672
1761 13.98310375213623
1762 13.58803653717041
1763 13.557977676391602
1764 14.16559886932373
1765 14.65416145324707
1766 15.249916076660156
1767 15.255589485168457
1768 15.374034881591797
1769 14.999189376831055
1770 14.091733932495117
1771 14.533899307250977
1772 14.74963665008545
1773 15.016216278076172
1774 15.869439125061035
1775 15.11744499206543
1776 15.090232849121094
1777 15.04741382598877
1778 15.175386428833008
1779 14.734498977661133
1780 14.934417724609375
1781 14.823356628417969
1782 14.762422561645508
1783 14.659175872802734
1784 14.79708480834961
1785 14.860413551330566
1786 14.917642593383789
1787 14.574060440063477
1788 14.831098556518555
1789 14.635101318359375
1790 14.6792573928833
1791 14.726943016052246
1792 14.761920928955078
1793 14.97497844696045
1794 14.854839324951172
1795 15.189932823181152
1796 15.248916625976563
1797 15.229228973388672
1798 15.469151496887207
1799 14.298735618591309
1800 14.14890193939209
1801 13.884464263916016
1802 14.36205768585205
1803 13.342597961425781
1804 14.78696060180664
1805 13.621650695800781
1806 14.585968971252441
1807 14.923942565917969
1808 14.71777629852295
1809 15.058953285217285
1810 15.09484577178955
1811 15.420586585998535
1812 15.28707218170166
1813 15.393362045288086
1814 15.319748878479004
1815 15.020096778869629
1816 15.362776756286621
1817 15.545486450195313
1818 15.50870132446289
1819 15.800857543945313
1820 15.716435432434082
1821 15.803071022033691
1822 15.71347713470459
1823 15.585829734802246
1824 15.571502685546875
1825 15.28012752532959
1826 15.309213638305664
1827 15.181963920593262
1828 15.109110832214355
1829 15.05553913116455
1830 14.993180274963379
1831 15.14728832244873
1832 15.181768417358398
1833 14.91252326965332
1834 14.567441940307617
1835 14.789453506469727
1836 14.579554557800293
1837 14.518488883972168
1838 14.558110237121582
1839 14.428168296813965
1840 14.23482894897461
1841 14.007722854614258
1842 13.867470741271973
1843 14.000677108764648
1844 14.043152809143066
1845 14.300450325012207
1846 14.281950950622559
1847 13.674394607543945
1848 13.82742691040039
1849 13.950589179992676
1850 13.740866661071777
1851 13.682409286499023
1852 14.395353317260742
1853 14.14083480834961
1854 14.042675018310547
1855 14.157175064086914
1856 13.933489799499512
1857 13.732122421264648
1858 13.773381233215332
1859 13.6619234085083
1860 13.677630424499512
1861 13.84485149383545
1862 13.93075180053711
1863 14.335614204406738
1864 14.637166023254395
1865 14.914291381835938
1866 14.3200101852417
1867 14.030179023742676
1868 13.772592544555664
1869 14.158188819885254
1870 14.213818550109863
1871 14.318177223205566
1872 14.358823776245117
1873 14.186626434326172
1874 14.130508422851563
1875 14.257600784301758
1876 14.31705093383789
1877 14.45305061340332
1878 14.253561973571777
1879 14.131247520446777
1880 13.959183692932129
1881 13.822076797485352
1882 13.781818389892578
1883 13.750470161437988
1884 13.885902404785156
1885 13.700969696044922
1886 13.975082397460938
1887 14.022910118103027
1888 14.125429153442383
1889 13.96082592010498
1890 14.006684303283691
1891 13.719452857971191
1892 13.79804801940918
1893 14.24543571472168
1894 13.784363746643066
1895 13.896856307983398
1896 14.331524848937988
1897 14.190028190612793
1898 14.209552764892578
1899 14.231206893920898
1900 13.88529109954834
1901 14.020903587341309
1902 14.220585823059082
1903 13.782214164733887
1904 14.110503196716309
1905 14.175954818725586
1906 14.05394172668457
1907 14.100911140441895
1908 14.007612228393555
1909 13.707176208496094
1910 13.774059295654297
1911 13.762994766235352
1912 13.693325996398926
1913 13.607555389404297
1914 13.497653007507324
1915 13.192914962768555
1916 13.1746187210083
1917 13.188480377197266
1918 13.200939178466797
1919 13.089492797851563
1920 13.068034172058105
1921 12.676580429077148
1922 12.96388053894043
1923 13.495254516601563
1924 10.83746337890625
1925 6.029541015625
1926 8.446792602539063
1927 8.331871032714844
1928 10.170409202575684
1929 9.57783031463623
1930 11.037919044494629
1931 7.367269039154053
1932 8.158997535705566
1933 5.897481918334961
1934 5.697268486022949
1935 5.462435245513916
1936 5.405445575714111
1937 5.470958232879639
1938 5.458444118499756
1939 5.4469428062438965
1940 5.443425178527832
1941 5.451833248138428
1942 5.44850492477417
1943 5.738504409790039
1944 5.7867279052734375
1945 5.504058837890625
1946 5.997430324554443
1947 6.2297258377075195
1948 6.160545825958252
1949 5.868266582489014
1950 5.8051252365112305
1951 5.838558197021484
1952 5.747780799865723
1953 5.716348171234131
1954 5.644864082336426
1955 5.286291599273682
1956 8.374330520629883
1957 9.839469909667969
1958 9.58648681640625
1959 5.196239948272705
1960 5.397324085235596
1961 9.354714393615723
1962 10.738207817077637
1963 11.687532424926758
1964 11.971814155578613
1965 11.970142364501953
1966 12.422957420349121
1967 12.721853256225586
1968 13.158723831176758
1969 13.570958137512207
1970 13.700631141662598
1971 13.921704292297363
1972 13.752793312072754
1973 13.724334716796875
1974 13.145872116088867
1975 13.584914207458496
1976 13.234045028686523
1977 13.393221855163574
1978 13.317423820495605
1979 13.6513090133667
1980 13.953518867492676
1981 13.885889053344727
1982 13.389698028564453
1983 13.279420852661133
1984 13.01576042175293
1985 13.253669738769531
1986 12.891151428222656
1987 12.7826509475708
1988 13.023957252502441
1989 12.901995658874512
1990 13.071195602416992
1991 13.253053665161133
1992 13.019837379455566
1993 13.023458480834961
1994 12.630561828613281
1995 12.492547988891602
1996 12.374530792236328
1997 12.034868240356445
1998 12.386521339416504
1999 13.044232368469238
2000 11.429590225219727
2001 10.20024585723877
2002 10.271644592285156
2003 11.313438415527344
2004 11.649662017822266
2005 12.989982604980469
2006 13.54678726196289
2007 13.227008819580078
2008 13.360572814941406
2009 13.214740753173828
2010 13.02835464477539
2011 13.223258018493652
2012 13.590376853942871
2013 10.788068771362305
2014 11.225356101989746
2015 8.497811317443848
2016 6.349311351776123
2017 6.233737468719482
2018 6.28356409072876
2019 6.332197666168213
2020 6.306922912597656
2021 6.465816020965576
2022 6.257991313934326
2023 6.312807083129883
2024 6.145113468170166
2025 5.941813945770264
2026 5.92036247253418
2027 5.990607261657715
2028 5.7896623611450195
2029 5.87681245803833
2030 6.257495403289795
2031 6.2725300788879395
2032 6.43341064453125
2033 6.304172992706299
2034 6.211948871612549
2035 6.342249870300293
2036 6.129432201385498
2037 6.259082317352295
2038 6.293394088745117
2039 6.230498790740967
2040 6.238173484802246
2041 6.342226505279541
2042 6.0991644859313965
2043 6.404488563537598
2044 6.414821147918701
2045 6.389029502868652
2046 6.664122581481934
2047 6.419778347015381
2048 6.286391735076904
2049 6.405836582183838
2050 6.596113681793213
2051 6.483617305755615
2052 8.033211708068848
2053 7.644874572753906
2054 6.636786937713623
2055 7.990410327911377
2056 8.079212188720703
2057 6.835707664489746
2058 7.822378635406494
2059 8.153335571289063
2060 8.258559226989746
2061 7.0417304039001465
2062 8.144403457641602
2063 8.233412742614746
2064 8.398245811462402
2065 8.053143501281738
2066 8.01961612701416
2067 8.09842586517334
2068 7.049023151397705
2069 7.053587913513184
2070 7.299787521362305
2071 7.449952125549316
2072 7.036105155944824
2073 6.678357124328613
2074 6.887096881866455
2075 6.82935905456543
2076 6.8962082862854
2077 7.118654251098633
2078 7.185126304626465
2079 7.450516700744629
2080 7.388647079467773
2081 7.363977909088135
2082 7.352801322937012
2083 7.271030426025391
2084 7.239058017730713
2085 7.139246940612793
2086 7.107223987579346
2087 7.288881301879883
2088 7.490888595581055
2089 7.406495571136475
2090 7.663825035095215
2091 7.913729667663574
2092 8.045951843261719
2093 7.672086715698242
2094 8.057103157043457
2095 7.840488910675049
2096 8.01752758026123
2097 8.159257888793945
2098 7.924352169036865
2099 7.67961311340332
2100 7.670620918273926
2101 7.664609909057617
2102 7.523665428161621
2103 7.402040958404541
2104 7.460909366607666
2105 7.281261920928955
2106 7.0721025466918945
2107 6.681303024291992
2108 6.744945526123047
2109 6.698427677154541
2110 6.6743621826171875
2111 6.81450080871582
2112 6.905739784240723
2113 7.228368759155273
2114 6.965301036834717
2115 6.6041669845581055
2116 6.673190593719482
2117 6.789055824279785
2118 6.483140468597412
2119 6.458128929138184
2120 6.492467880249023
2121 6.621442794799805
2122 6.718540191650391
2123 6.833659648895264
2124 6.859859943389893
2125 6.809867858886719
2126 6.741148948669434
2127 6.733500003814697
2128 6.618982315063477
2129 6.456265926361084
2130 6.406531810760498
2131 6.131787300109863
2132 6.385318756103516
2133 6.313920497894287
2134 6.434601783752441
2135 6.25349235534668
2136 6.573851585388184
2137 6.587911128997803
2138 6.7555832862854
2139 6.696258068084717
2140 6.592947959899902
2141 6.571334362030029
2142 6.663294792175293
2143 6.742915630340576
2144 6.6359429359436035
2145 6.636819362640381
2146 6.754184722900391
2147 6.546864032745361
2148 6.519421100616455
2149 6.713864326477051
2150 6.660512924194336
2151 6.698296546936035
2152 6.584582805633545
2153 6.57023286819458
2154 6.620870113372803
2155 6.755131721496582
2156 7.079516887664795
2157 6.768005847930908
2158 6.751184940338135
2159 6.672004699707031
2160 6.405477046966553
2161 6.420703887939453
2162 6.356290817260742
2163 6.377999305725098
2164 5.994897842407227
2165 6.212035179138184
2166 6.404354572296143
2167 6.367290019989014
2168 6.384543418884277
2169 6.5546159744262695
2170 6.582005977630615
2171 6.255493640899658
2172 6.283966064453125
2173 6.186456680297852
2174 6.1074137687683105
2175 6.048628330230713
2176 6.209908485412598
2177 6.11610221862793
2178 6.161648273468018
2179 6.418407917022705
2180 6.5223612785339355
2181 6.522091865539551
2182 6.681206703186035
2183 6.862674713134766
2184 6.637574195861816
2185 6.617284774780273
2186 6.659207344055176
2187 6.740467548370361
2188 6.525791168212891
2189 6.302638053894043
2190 6.448653697967529
2191 6.370645999908447
2192 6.197083950042725
2193 6.142803192138672
2194 6.2099714279174805
2195 6.194252014160156
2196 6.080540657043457
2197 5.9457831382751465
2198 5.875943183898926
2199 6.076663017272949
2200 6.335005760192871
2201 5.994016647338867
2202 6.047438144683838
2203 5.856616973876953
2204 6.032988548278809
2205 5.749759674072266
2206 5.991165637969971
2207 5.923187732696533
2208 7.731487274169922
2209 7.765615940093994
2210 5.9303107261657715
2211 5.887632846832275
2212 7.857940673828125
2213 7.709784507751465
2214 7.7846221923828125
2215 7.750159740447998
2216 7.824759483337402
2217 8.06257438659668
2218 8.045976638793945
2219 7.8592305183410645
2220 8.073073387145996
2221 6.104094505310059
2222 6.048874378204346
2223 5.946425437927246
2224 6.070132255554199
2225 6.119100093841553
2226 6.387754440307617
2227 6.3443217277526855
2228 6.107114791870117
2229 6.20569372177124
2230 6.134402751922607
2231 6.103700637817383
2232 6.08333683013916
2233 5.959981441497803
2234 5.9801764488220215
2235 5.941683769226074
2236 6.086373329162598
2237 6.1287760734558105
2238 5.777417182922363
2239 6.103540897369385
2240 6.066910743713379
2241 6.018753528594971
2242 6.20099401473999
2243 5.961398124694824
2244 6.137851715087891
2245 6.3209991455078125
2246 6.489871025085449
2247 6.568068027496338
2248 6.64962100982666
2249 6.5551934242248535
2250 6.459079742431641
2251 6.487795829772949
2252 6.769103527069092
2253 6.781607151031494
2254 6.787350177764893
2255 6.3857622146606445
2256 6.405546188354492
2257 6.37280797958374
2258 6.593638896942139
2259 6.530462741851807
2260 6.628652095794678
2261 6.353811740875244
2262 6.34316349029541
2263 6.179516315460205
2264 6.204272270202637
2265 6.331879615783691
2266 6.227046489715576
2267 6.840155124664307
2268 6.654945373535156
2269 6.919715404510498
2270 6.819810390472412
2271 6.733188629150391
2272 6.865948677062988
2273 6.592851161956787
2274 6.579766273498535
2275 6.642342567443848
2276 6.745757102966309
2277 6.8828253746032715
2278 6.627285957336426
2279 6.327073097229004
2280 6.360909461975098
2281 6.5054521560668945
2282 6.5902814865112305
2283 6.562213897705078
2284 6.7200822830200195
2285 6.800387859344482
2286 7.014019966125488
2287 6.777775764465332
2288 6.800950050354004
2289 6.840429782867432
2290 6.807001113891602
2291 7.135293483734131
2292 7.078775405883789
2293 7.404902935028076
2294 7.366941928863525
2295 7.347713947296143
2296 7.35337495803833
2297 7.085497856140137
2298 7.0312371253967285
2299 6.879497528076172
2300 7.167084693908691
2301 7.190988063812256
2302 7.250747203826904
2303 7.326390266418457
2304 7.64349365234375
2305 7.228774070739746
2306 7.003983974456787
2307 7.315804481506348
2308 7.032076835632324
2309 7.076201915740967
2310 6.969871997833252
2311 6.800357341766357
2312 6.694723129272461
2313 6.855666637420654
2314 7.1725053787231445
2315 7.297605514526367
2316 7.028640270233154
2317 7.0560431480407715
2318 7.05193567276001
2319 7.460157871246338
2320 7.3418660163879395
2321 7.346900463104248
2322 7.362442970275879
2323 7.5802202224731445
2324 7.810877799987793
2325 7.543558597564697
2326 7.724669933319092
2327 7.918680667877197
2328 7.695343971252441
2329 7.711736679077148
2330 7.515874862670898
2331 7.306196689605713
2332 7.197781562805176
2333 7.153957843780518
2334 7.436408042907715
2335 7.390151023864746
2336 7.46218204498291
2337 7.387300968170166
2338 7.812607288360596
2339 7.815847873687744
2340 7.5932722091674805
2341 7.602738380432129
2342 7.719828128814697
2343 7.672737121582031
2344 7.769082069396973
2345 8.23751163482666
2346 8.505847930908203
2347 8.44605541229248
2348 8.393248558044434
2349 8.593297004699707
2350 8.6864595413208
2351 9.115971565246582
2352 9.126306533813477
2353 9.17658519744873
2354 9.03056812286377
2355 9.067378997802734
2356 8.895427703857422
2357 9.073564529418945
2358 9.339173316955566
2359 9.956168174743652
2360 10.97146224975586
2361 11.71352767944336
2362 11.517833709716797
2363 12.063864707946777
2364 12.162126541137695
2365 11.565489768981934
2366 11.623909950256348
2367 11.767067909240723
2368 11.883329391479492
2369 11.303020477294922
2370 11.019998550415039
2371 11.262063980102539
2372 11.007861137390137
2373 11.397561073303223
2374 10.842021942138672
2375 10.810999870300293
2376 10.614847183227539
2377 10.7239408493042
2378 11.187678337097168
2379 11.13515567779541
2380 10.62049674987793
2381 10.403377532958984
2382 10.161259651184082
2383 10.272629737854004
2384 10.55910587310791
2385 10.25182819366455
2386 10.243674278259277
2387 10.34046459197998
2388 10.355326652526855
2389 10.540382385253906
2390 11.077869415283203
2391 11.519088745117188
2392 12.12398624420166
2393 11.683741569519043
2394 11.424471855163574
2395 11.421815872192383
2396 10.65166187286377
2397 10.917101860046387
2398 11.017975807189941
2399 11.122379302978516
2400 11.210315704345703
2401 10.89291000366211
2402 11.62793254852295
2403 12.071418762207031
2404 12.043785095214844
2405 12.04427433013916
2406 11.574817657470703
2407 10.56975269317627
2408 11.765379905700684
2409 11.323097229003906
2410 11.295660018920898
2411 10.664999008178711
2412 10.4407958984375
2413 10.36420726776123
2414 9.897006034851074
2415 10.423477172851563
2416 11.332357406616211
2417 10.654121398925781
2418 10.150803565979004
2419 9.97326946258545
2420 9.876358032226563
2421 10.14075756072998
2422 10.214658737182617
2423 10.772721290588379
2424 11.268959999084473
2425 11.409738540649414
2426 11.518585205078125
2427 11.283106803894043
2428 11.645045280456543
2429 11.211944580078125
2430 10.856657981872559
2431 10.249378204345703
2432 10.620210647583008
2433 10.741469383239746
2434 11.333908081054688
2435 11.321685791015625
2436 11.261018753051758
2437 11.264028549194336
2438 11.397200584411621
2439 11.457687377929688
2440 11.255870819091797
2441 11.03188419342041
2442 11.193659782409668
2443 10.862945556640625
2444 11.149901390075684
2445 10.924853324890137
2446 10.973577499389648
2447 11.075528144836426
2448 11.066203117370605
2449 10.937743186950684
2450 10.583038330078125
2451 11.03964614868164
2452 11.170928001403809
2453 11.580856323242188
2454 11.383055686950684
2455 11.595126152038574
2456 11.482831001281738
2457 11.473331451416016
2458 11.824345588684082
2459 11.655567169189453
2460 11.384561538696289
2461 11.3165922164917
2462 11.367416381835938
2463 11.19324016571045
2464 11.387842178344727
2465 11.095385551452637
2466 11.098122596740723
2467 10.800479888916016
2468 10.950519561767578
2469 11.331621170043945
2470 11.409821510314941
2471 10.934532165527344
2472 10.808908462524414
2473 9.862302780151367
2474 9.582015037536621
2475 9.729323387145996
2476 9.670544624328613
2477 9.391283988952637
2478 10.008466720581055
2479 9.443099021911621
2480 9.370597839355469
2481 9.044343948364258
2482 9.180336952209473
2483 9.187527656555176
2484 9.599194526672363
2485 9.36716079711914
2486 9.72917652130127
2487 9.668773651123047
2488 9.377470016479492
2489 9.903326034545898
2490 9.725946426391602
2491 9.003401756286621
2492 8.926674842834473
2493 8.686216354370117
2494 8.704264640808105
2495 8.553118705749512
2496 8.787335395812988
2497 8.791694641113281
2498 8.880363464355469
2499 9.049840927124023
2500 9.148731231689453
2501 9.692203521728516
2502 9.51483154296875
2503 9.550119400024414
2504 9.569709777832031
2505 9.47885799407959
2506 9.571216583251953
2507 9.507670402526855
2508 8.631098747253418
2509 8.570393562316895
2510 8.560747146606445
2511 8.349339485168457
2512 8.535199165344238
2513 8.663378715515137
2514 8.634978294372559
2515 8.517979621887207
2516 8.433913230895996
2517 8.613327026367188
2518 8.78372859954834
2519 8.699624061584473
2520 8.936127662658691
2521 9.04550838470459
2522 8.911933898925781
2523 8.944890975952148
2524 9.14580249786377
2525 9.002226829528809
2526 8.928266525268555
2527 9.35124397277832
2528 9.257800102233887
2529 9.248390197753906
2530 9.632305145263672
2531 8.711236953735352
2532 8.418831825256348
2533 8.220373153686523
2534 8.234294891357422
2535 8.288670539855957
2536 9.778021812438965
2537 8.43065071105957
2538 8.959507942199707
2539 9.132736206054688
2540 9.657431602478027
2541 10.834192276000977
2542 11.059483528137207
2543 10.429269790649414
2544 10.2874174118042
2545 10.578747749328613
2546 10.177816390991211
2547 9.416186332702637
2548 10.348445892333984
2549 10.332253456115723
2550 10.063735961914063
2551 10.278018951416016
2552 9.915331840515137
2553 9.970704078674316
2554 10.175909996032715
2555 9.876384735107422
2556 9.72956371307373
2557 10.400050163269043
2558 10.186245918273926
2559 10.123967170715332
2560 10.385903358459473
2561 10.123945236206055
2562 10.403907775878906
2563 10.533756256103516
2564 10.319122314453125
2565 9.795681953430176
2566 10.004435539245605
2567 9.906105995178223
2568 10.723881721496582
2569 10.966527938842773
2570 11.015932083129883
2571 11.345213890075684
2572 11.630179405212402
2573 11.800495147705078
2574 10.864916801452637
2575 11.26645278930664
2576 10.986739158630371
2577 10.799525260925293
2578 10.31389331817627
2579 9.914220809936523
2580 9.800877571105957
2581 9.68407154083252
2582 9.690095901489258
2583 9.338531494140625
2584 9.647377014160156
2585 9.792906761169434
2586 9.870186805725098
2587 9.293547630310059
2588 9.417743682861328
2589 9.275930404663086
2590 9.170251846313477
2591 9.361712455749512
2592 9.45768928527832
2593 9.300300598144531
2594 8.982934951782227
2595 8.666613578796387
2596 9.119338989257813
2597 9.534639358520508
2598 9.427813529968262
2599 9.564209938049316
2600 9.637056350708008
2601 9.4779634475708
2602 9.562782287597656
2603 9.332123756408691
2604 9.30717658996582
2605 9.427303314208984
2606 9.714564323425293
2607 9.785202980041504
2608 9.77367115020752
2609 9.574773788452148
2610 9.426753044128418
2611 9.450340270996094
2612 9.485958099365234
2613 9.322056770324707
2614 9.537440299987793
2615 9.642496109008789
2616 9.34705638885498
2617 9.523550033569336
2618 9.447134971618652
2619 9.863764762878418
2620 10.37382984161377
2621 10.28211784362793
2622 10.204800605773926
2623 10.065820693969727
2624 9.948765754699707
2625 9.978965759277344
2626 9.658164978027344
2627 9.62373161315918
2628 9.733521461486816
2629 9.544527053833008
2630 9.45651912689209
2631 8.933633804321289
2632 8.889150619506836
2633 9.123050689697266
2634 9.318997383117676
2635 9.148653030395508
2636 8.889623641967773
2637 9.332966804504395
2638 9.318183898925781
2639 9.533592224121094
2640 9.576922416687012
2641 9.551661491394043
2642 9.609546661376953
2643 9.693014144897461
2644 10.103036880493164
2645 10.517181396484375
2646 10.447842597961426
2647 10.628894805908203
2648 10.534714698791504
2649 10.612652778625488
2650 10.481535911560059
2651 10.622318267822266
2652 10.64305591583252
2653 10.58382511138916
2654 10.49775505065918
2655 10.757962226867676
2656 10.954641342163086
2657 10.72526741027832
2658 10.566119194030762
2659 10.494009971618652
2660 10.525014877319336
2661 10.403745651245117
2662 10.356008529663086
2663 10.125429153442383
2664 10.202292442321777
2665 10.136966705322266
2666 10.154017448425293
2667 9.979187965393066
2668 9.759588241577148
2669 9.763051986694336
2670 9.743942260742188
2671 9.712034225463867
2672 9.449195861816406
2673 9.817845344543457
2674 9.575271606445313
2675 9.572986602783203
2676 9.582840919494629
2677 10.095891952514648
2678 10.245694160461426
2679 10.321520805358887
2680 10.405759811401367
2681 9.996236801147461
2682 9.956582069396973
2683 9.782262802124023
2684 9.851666450500488
2685 9.902817726135254
2686 9.970651626586914
2687 10.119122505187988
2688 10.213268280029297
2689 10.21090316772461
2690 10.517518043518066
2691 10.732304573059082
2692 10.922483444213867
2693 10.889594078063965
2694 10.88608455657959
2695 11.098417282104492
2696 11.510823249816895
2697 11.544894218444824
2698 11.776738166809082
2699 11.76791763305664
2700 11.782926559448242
2701 12.26025104522705
2702 12.385904312133789
2703 12.714922904968262
2704 12.917189598083496
2705 13.033090591430664
2706 12.563512802124023
2707 12.510786056518555
2708 12.204195976257324
2709 12.081609725952148
2710 12.021729469299316
2711 12.790515899658203
2712 13.431476593017578
2713 13.015132904052734
2714 12.659271240234375
2715 12.740962028503418
2716 12.677545547485352
2717 13.169618606567383
2718 13.228789329528809
2719 13.984868049621582
2720 12.78966999053955
2721 12.316069602966309
2722 12.799083709716797
2723 12.90365982055664
2724 12.722773551940918
2725 12.90921401977539
2726 12.559661865234375
2727 11.819169998168945
2728 11.91836929321289
2729 11.233979225158691
2730 10.897250175476074
2731 10.866218566894531
2732 11.63045883178711
2733 11.401467323303223
2734 11.731460571289063
2735 11.633294105529785
2736 11.9254150390625
2737 12.137094497680664
2738 11.868699073791504
2739 11.9866304397583
2740 12.254718780517578
2741 12.231019973754883
2742 11.927112579345703
2743 11.096510887145996
2744 11.733429908752441
2745 11.203536987304688
2746 11.77025318145752
2747 11.7481107711792
2748 11.691786766052246
2749 11.689339637756348
2750 11.942310333251953
2751 12.076355934143066
2752 10.600851058959961
2753 11.156026840209961
2754 11.01914119720459
2755 11.025870323181152
2756 11.737571716308594
2757 11.897686004638672
2758 11.936909675598145
2759 12.15184497833252
2760 11.944387435913086
2761 12.29407024383545
2762 12.369558334350586
2763 12.139881134033203
2764 12.555716514587402
2765 12.460721969604492
2766 12.722312927246094
2767 12.705394744873047
2768 12.517840385437012
2769 12.399629592895508
2770 12.294290542602539
2771 11.703777313232422
2772 11.11136245727539
2773 11.447881698608398
2774 11.316479682922363
2775 10.897384643554688
2776 10.749658584594727
2777 11.014801979064941
2778 11.01182746887207
2779 11.05903434753418
2780 10.949564933776855
2781 10.71137523651123
2782 10.360588073730469
2783 10.470430374145508
2784 10.563982963562012
2785 10.724435806274414
2786 10.808595657348633
2787 10.703051567077637
2788 10.646289825439453
2789 10.653332710266113
2790 11.061899185180664
2791 11.002828598022461
2792 10.895500183105469
2793 10.86744499206543
2794 10.81056022644043
2795 10.969465255737305
2796 10.454174041748047
2797 10.454431533813477
2798 10.357251167297363
2799 10.374906539916992
2800 10.72963809967041
2801 10.390765190124512
2802 10.37905502319336
2803 10.312673568725586
2804 10.12091064453125
2805 10.270907402038574
2806 10.361994743347168
2807 10.31280517578125
2808 10.487251281738281
2809 10.598355293273926
2810 10.661837577819824
2811 11.333142280578613
2812 11.611078262329102
2813 11.915215492248535
2814 11.8547945022583
2815 12.705876350402832
2816 12.355648040771484
2817 13.344855308532715
2818 13.108242988586426
2819 13.273783683776855
2820 13.388014793395996
2821 12.663208961486816
2822 13.308011054992676
2823 11.644174575805664
2824 11.47287654876709
2825 11.456626892089844
2826 12.54257583618164
2827 11.516408920288086
2828 11.645333290100098
2829 11.372339248657227
2830 10.988537788391113
2831 10.833301544189453
2832 10.863940238952637
2833 10.728589057922363
2834 10.635384559631348
2835 10.992232322692871
2836 10.921215057373047
2837 10.753552436828613
2838 10.68510627746582
2839 10.667869567871094
2840 10.870766639709473
2841 10.869058609008789
2842 11.061383247375488
2843 10.932111740112305
2844 10.871209144592285
2845 10.80746841430664
2846 11.060004234313965
2847 11.144028663635254
2848 11.237035751342773
2849 11.224885940551758
2850 11.320260047912598
2851 11.39635944366455
2852 11.706199645996094
2853 12.435759544372559
2854 12.577738761901855
2855 12.530689239501953
2856 12.419557571411133
2857 12.285968780517578
2858 12.193511962890625
2859 11.741474151611328
2860 12.136789321899414
2861 12.064420700073242
2862 12.224333763122559
2863 12.092079162597656
2864 12.304891586303711
2865 12.229313850402832
2866 12.467333793640137
2867 12.62476634979248
2868 13.219099044799805
2869 13.333168983459473
2870 13.545266151428223
2871 13.749772071838379
2872 13.48729133605957
2873 13.497572898864746
2874 13.563347816467285
2875 13.612733840942383
2876 13.21650505065918
2877 13.30311107635498
2878 13.368310928344727
2879 13.320352554321289
2880 13.381391525268555
2881 13.131940841674805
2882 12.853097915649414
2883 12.843681335449219
2884 12.680927276611328
2885 12.849935531616211
2886 12.6914701461792
2887 12.684025764465332
2888 12.105341911315918
2889 12.135529518127441
2890 11.58971118927002
2891 11.903545379638672
2892 11.03962516784668
2893 10.802583694458008
2894 11.034821510314941
2895 10.649920463562012
2896 10.558600425720215
2897 10.824265480041504
2898 11.031782150268555
2899 10.796899795532227
2900 11.025165557861328
2901 11.300858497619629
2902 11.586808204650879
2903 11.281058311462402
2904 11.43285846710205
2905 11.395971298217773
2906 11.306467056274414
2907 10.959891319274902
2908 11.065226554870605
2909 10.877643585205078
2910 10.628003120422363
2911 10.656157493591309
2912 10.815993309020996
2913 10.621430397033691
2914 10.942133903503418
2915 11.28175163269043
2916 11.458905220031738
2917 11.12307071685791
2918 10.953383445739746
2919 10.878667831420898
2920 10.470294952392578
2921 10.076502799987793
2922 9.716992378234863
2923 9.54464054107666
2924 9.66411018371582
2925 10.231834411621094
2926 10.44512939453125
2927 10.613170623779297
2928 10.482439994812012
2929 10.411808013916016
2930 10.174600601196289
2931 9.859541893005371
2932 9.679679870605469
2933 9.382181167602539
2934 9.172162055969238
2935 9.067005157470703
2936 9.195446968078613
2937 9.463889122009277
2938 9.589274406433105
2939 9.652216911315918
2940 9.739126205444336
2941 9.5472993850708
2942 9.327827453613281
2943 9.126248359680176
2944 8.99825668334961
2945 8.229291915893555
2946 7.941666603088379
2947 7.769481182098389
2948 7.621540546417236
2949 7.631621837615967
2950 7.96347713470459
2951 8.23198127746582
2952 8.557796478271484
2953 8.706136703491211
2954 8.938790321350098
2955 8.584688186645508
2956 8.45430850982666
2957 8.69701862335205
2958 8.75013256072998
2959 8.89585018157959
2960 8.91948413848877
2961 9.266858100891113
2962 8.932215690612793
2963 8.864123344421387
2964 8.768708229064941
2965 9.053348541259766
2966 8.990775108337402
2967 9.039507865905762
2968 9.144428253173828
2969 9.335046768188477
2970 9.405590057373047
2971 9.526320457458496
2972 9.645235061645508
2973 9.665022850036621
2974 10.024853706359863
2975 10.470584869384766
2976 10.447222709655762
2977 10.561715126037598
2978 10.186345100402832
2979 10.306653022766113
2980 10.082439422607422
2981 10.013339042663574
2982 9.507120132446289
2983 9.010905265808105
2984 9.13355827331543
2985 8.79992961883545
2986 8.740564346313477
2987 8.843610763549805
2988 8.8026762008667
2989 8.706929206848145
2990 8.755162239074707
2991 8.89979362487793
2992 8.971721649169922
2993 8.96934986114502
2994 8.822403907775879
2995 8.46037769317627
2996 8.639739036560059
2997 8.769807815551758
2998 8.652414321899414
2999 9.134602546691895
3000 9.335392951965332
3001 9.40374755859375
3002 9.523137092590332

